"Warehouse"|"Item"|"Onhand"|"Onorder"|"Allocated"|"HardAllocated"
100|"CC800-784"| 0001.000000| 0000.000000| 0000.000000|0.000000
100|"CC800-80"| 0017.000000| 0000.000000| 0000.000000|0.000000
100|"CC800-800"| 2233.000000| 0000.000000| 0000.000000|0.000000
100|"CC800-81518"| 0001.000000| 0000.000000| 0000.000000|0.000000
100|"CC800-82"| 0008.000000| 0000.000000| 0000.000000|0.000000
100|"CC800-830"| 0012.000000| 0000.000000| 0000.000000|0.000000
100|"CC800-84"| 0010.000000| 0000.000000| 0000.000000|0.000000
100|"CC800-850"| 0001.000000| 0000.000000| 0000.000000|0.000000
100|"CC800-85451"| 0001.000000| 0000.000000| 0000.000000|0.000000
100|"CC800-860"| 0001.000000| 0000.000000| 0000.000000|0.000000
100|"CC800-86031"| 0002.000000| 0000.000000| 0000.000000|0.000000
100|"CC800-87"| 4450.000000| 0300.000000| 0000.000000|0.000000
100|"CC800-9010DIGI"| 0005.000000| 0006.000000| 0000.000000|0.000000
100|"CC800-906"| 0001.000000| 0000.000000| 0000.000000|0.000000
100|"CC800-AGS-SA"| 0001.000000| 0000.000000| 0000.000000|0.000000
100|"CC800-VA2"| 0015.000000| 0000.000000| 0001.000000|0.000000
100|"CC800/1S-NV"| 0003.000000| 0000.000000| 0003.000000|3.000000
100|"CC800/CC"| 0009.000000| 0000.000000| 0000.000000|0.000000
100|"CC800/CS"| 0011.000000| 0001.000000| 0001.000000|0.000000
100|"CC800/EFS"| 0001.000000| 0000.000000| 0000.000000|0.000000
100|"CC800/FLO"| 0009.000000| 0000.000000| 0001.000000|0.000000
100|"CC800/TWN"| 0009.000000| 0001.000000| 0004.000000|0.000000
100|"CC800/VCB-3DPLUS"| 0011.000000| 0004.000000| 0001.000000|0.000000
100|"CC8RAID5-UP"| 0001.000000| 0000.000000| 0000.000000|0.000000
100|"CM400"| 0002.000000| 0000.000000| 0000.000000|0.000000
100|"CPAKI3302-12"| 0007.000000| 0000.000000| 0000.000000|0.000000
100|"CPAKI3303-8"| 0018.000000| 0004.000000| 0005.000000|5.000000
100|"CPAKI3803-8"| 0006.000000| 0000.000000| 0001.000000|1.000000
100|"CPAKI4702-12"| 0014.000000| 0004.000000| 0004.000000|4.000000
100|"CPAKI4703-8"| 0004.000000| 0100.000000| 0058.000000|4.000000
100|"CPAKIC3802-12"| 0001.000000| 0000.000000| 0000.000000|0.000000
100|"CPAKIP3303-8"| 0004.000000| 0002.000000| 0000.000000|0.000000
100|"CPAKIP4703-8"| 0002.000000| 0003.000000| 0000.000000|0.000000
100|"CPAKIW3302-12"| 0005.000000| 0000.000000| 0000.000000|0.000000
100|"CPAKIW3303-8"| 0160.000000| 0220.000000| 0194.000000|79.000000
100|"CPAKIW3305-50"| 0053.000000| 0015.000000| 0001.000000|1.000000
100|"CPAKIW3803-8"| 0048.000000| 0000.000000| 0025.000000|21.000000
100|"CPAKIW4705-50"| 0001.000000| 0026.000000| 0016.000000|1.000000
100|"CPAKIW5802-12"| 0002.000000| 0000.000000| 0000.000000|0.000000
100|"CPAKIW5803-8"| 0011.000000| 0000.000000| 0000.000000|0.000000
100|"CPAKO3303-8"| 0079.000000| 0000.000000| 0040.000000|40.000000
100|"CPAKO3305-50"| 0005.000000| 0050.000000| 0013.000000|5.000000
100|"CPAKO3803-8"| 0028.000000| 0010.000000| 0000.000000|0.000000
100|"CPAKO3805-50"| 0005.000000| 0000.000000| 0000.000000|0.000000
100|"CPAKO4702-12"| 0002.000000| 0025.000000| 0020.000000|2.000000
100|"CPAKO5803-8"| 0012.000000| 0000.000000| 0000.000000|0.000000
100|"CPAKO5805-50"| 0012.000000| 0030.000000| 0000.000000|0.000000
100|"CPAKOP3303-8"| 0001.000000| 0004.000000| 0000.000000|0.000000
100|"CPAKOP3305-50"| 0004.000000| 0004.000000| 0000.000000|0.000000
100|"CPAKOP5805-50"| 0003.000000| 0000.000000| 0000.000000|0.000000
100|"CRSTREP-S9"| 0001.000000| 0000.000000| 0000.000000|0.000000
100|"CW-ANT-PA"| 0005.000000| 0009.000000| 0008.000000|5.000000
100|"CW-RID-1"| 0008.000000| 0002.000000| 0002.000000|2.000000
100|"D40025D-012"| 0081.000000| 0002.000000| 0002.000000|2.000000
100|"D40025D-024"| 0079.000000| 0003.000000| 0001.000000|1.000000
100|"D40025P-012"| 0042.000000| 0000.000000| 0000.000000|0.000000
100|"D40025P-024"| 0023.000000| 0019.000000| 0000.000000|0.000000
100|"D60025D-024"| 0006.000000| 0028.000000| 0020.000000|6.000000
100|"D60025D-036"| 0029.000000| 0019.000000| 0025.000000|11.000000
100|"D60025P-012"| 0002.000000| 0013.000000| 0000.000000|0.000000
100|"D60025S-012"| 0007.000000| 0054.000000| 0000.000000|0.000000
100|"D60025S-024"| 0018.000000| 0005.000000| 0006.000000|4.000000
100|"D60031D-012"| 0001.000000| 0028.000000| 0003.000000|1.000000
100|"D60031D-016R"| 0008.000000| 0017.000000| 0013.000000|8.000000
100|"D60031D-032"| 0104.000000| 0293.000000| 0084.000000|75.000000
100|"D60031D-032-1"| 0001.000000| 0008.000000|-0001.000000|0.000000
100|"D60031D-032R"| 0006.000000| 0073.000000| 0032.000000|6.000000
100|"D60031D-048"| 0007.000000| 0651.000000| 0382.000000|7.000000
100|"D60031D-048-1"| 0001.000000| 0000.000000| 0000.000000|0.000000
100|"D60031D-048R"| 0018.000000| 0139.000000| 0127.000000|14.000000
100|"D60031P-012-1"| 0006.000000| 0021.000000| 0005.000000|5.000000
100|"D60031P-016R"| 0002.000000| 0016.000000| 0000.000000|0.000000
100|"D60031P-016R-1"| 0001.000000| 0000.000000| 0000.000000|0.000000
100|"D60031P-032"| 0006.000000| 0040.000000| 0004.000000|5.000000
100|"D60031P-048"| 0001.000000| 0064.000000| 0019.000000|1.000000
100|"D60031P-048-1"| 0001.000000| 0001.000000| 0000.000000|0.000000
100|"D60031S-016"| 0001.000000| 0008.000000| 0001.000000|1.000000
100|"D60031S-032"| 0003.000000| 0017.000000| 0007.000000|2.000000
100|"D60031S-048-1"| 0057.000000| 0002.000000| 0000.000000|0.000000
100|"D80025D-012"| 0015.000000| 0003.000000| 0002.000000|2.000000
100|"D80025D-024"| 0002.000000| 0005.000000| 0005.000000|2.000000
100|"D80031D-012"| 0013.000000| 0093.000000| 0010.000000|12.000000
100|"D80031D-012-1"| 0004.000000| 0049.000000| 0000.000000|0.000000
100|"D80031D-016"| 0003.000000| 0024.000000| 0019.000000|3.000000
100|"D80031D-016-1"| 0002.000000| 0001.000000| 0003.000000|2.000000
100|"D80031D-032"| 0016.000000| 0019.000000| 0005.000000|5.000000
100|"D80031D-048"| 0001.000000| 0012.000000| 0003.000000|1.000000
100|"D80031P-012"| 0001.000000| 0023.000000| 0002.000000|1.000000
100|"D80031P-048"| 0001.000000| 0003.000000| 0002.000000|1.000000
100|"D80031S-012"| 0002.000000| 0027.000000| 0005.000000|2.000000
100|"DF5CA-0V3A"| 0002.000000| 0000.000000| 0000.000000|0.000000
100|"DF5LINERKIT"| 0007.000000| 0000.000000| 0000.000000|0.000000
100|"DMO-414F"| 0004.000000| 0000.000000| 0000.000000|0.000000
100|"DMV14Q"| 0006.000000| 0001.000000| 0000.000000|0.000000
100|"DMV14Q-1"| 0001.000000| 0000.000000| 0000.000000|0.000000
100|"DMV16Q"| 0001.000000| 0001.000000| 0000.000000|0.000000
100|"DMV16Q-1"| 0002.000000| 0000.000000| 0000.000000|0.000000
100|"DMV19Q-1"| 0002.000000| 0000.000000| 0000.000000|0.000000
100|"DMV94Q-1"| 0002.000000| 0000.000000| 0001.000000|1.000000
100|"DMV96Q"| 0007.000000| 0020.000000| 0000.000000|0.000000
100|"DMV96Q-1"| 0001.000000| 0002.000000| 0001.000000|1.000000
100|"DMV99Q-1"| 0002.000000| 0000.000000| 0000.000000|0.000000
100|"DN1478"| 0069.000000| 0000.000000| 0000.000000|0.000000
100|"DN1518"| 0073.000000| 0000.000000| 0015.000000|14.000000
100|"DN1527"| 0108.000000| 0000.000000| 0008.000000|7.000000
100|"DN1528"| 0087.000000| 0000.000000| 0003.000000|3.000000
100|"DS-4114-05"| 0028.000000| 0004.000000| 0000.000000|0.000000
100|"DS-411408"| 0005.000000| 0000.000000| 0000.000000|0.000000
100|"DS-4114F-05"| 0010.000000| 0000.000000| 0000.000000|0.000000
100|"DS-4114F-08"| 0007.000000| 0000.000000| 0003.000000|3.000000
100|"DSC-P2W26K"| 0016.000000| 0045.000000| 0040.000000|16.000000
100|"DU-MODEM-HOS"| 0001.000000| 0002.000000| 0000.000000|0.000000
100|"DVRM-01"| 0745.000000| 0000.000000| 0043.000000|36.000000
100|"E-COR-BADGE"| 0175.000000| 0000.000000| 0001.000000|0.000000
100|"E-COR-COM"| 0017.000000| 0000.000000| 0000.000000|0.000000
100|"E-COR-DEMO"| 0187.000000| 0000.000000| 0000.000000|0.000000
100|"E-COR-ELV"| 0201.000000| 0000.000000| 0002.000000|1.000000
100|"E-COR-EN"| 0026.000000| 0000.000000| 0016.000000|14.000000
100|"E-COR-FR"| 0004.000000| 0000.000000| 0002.000000|2.000000
100|"E-COR-MAN-EN"| 0015.000000| 0000.000000| 0000.000000|0.000000
100|"E-COR-MAN-SP"| 0008.000000| 0000.000000| 0000.000000|0.000000
100|"E-COR-RDN"| 0009.000000| 0000.000000| 0000.000000|0.000000
100|"E-COR-REV"| 0002.000000| 0010.000000| 0000.000000|0.000000
100|"E-COR-SLK"| 0242.000000| 0000.000000| 0001.000000|0.000000
100|"E-COR-SLKMEN"| 0016.000000| 0000.000000| 0000.000000|0.000000
100|"E-COR-SP"| 0001.000000| 0000.000000| 0000.000000|0.000000
100|"E-COR-WS6"| 0002.000000| 0002.000000| 0000.000000|0.000000
100|"E-GLO-COM-V3"| 0003.000000| 0000.000000| 0000.000000|0.000000
100|"E-GLO-CORCOM-V3"| 0002.000000| 0005.000000| 0000.000000|0.000000
100|"E-GLO-MAN-EN-V3"| 0002.000000| 0000.000000| 0000.000000|0.000000
100|"E-GLO-REV"| 0026.000000| 0000.000000| 0000.000000|0.000000
100|"E-GLO-SQL"| 0008.000000| 0000.000000| 0000.000000|0.000000
100|"E-GLO-SQL-V3"| 0001.000000| 0004.000000| 0000.000000|0.000000
100|"E-GLO-UPG-EN-V3"| 0002.000000| 0000.000000| 0000.000000|0.000000
100|"E-GLO-WS1-V3"| 0004.000000| 0000.000000| 0000.000000|0.000000
100|"E-GLO-WS8-V3"| 0005.000000| 0002.000000| 0000.000000|0.000000
100|"E-SPE-EN"| 0001.000000| 0075.000000| 0041.000000|1.000000
100|"E-SPE-FR"| 0006.000000| 0000.000000| 0004.000000|4.000000
100|"E-SPE-MAN-EN"| 0014.000000| 0000.000000| 0000.000000|0.000000
100|"E-SPE-MAN-FR"| 0001.000000| 0000.000000| 0000.000000|0.000000
100|"E-SPE-MAN-SP"| 0008.000000| 0000.000000| 0000.000000|0.000000
100|"E-SPE-REV"| 0013.000000| 0000.000000| 0000.000000|0.000000
100|"E-SPE-SP"| 0001.000000| 0000.000000| 0001.000000|1.000000
100|"EC75"| 0177.000000| 0000.000000| 0036.000000|30.000000
100|"EC90-XR"| 0001.000000| 0000.000000| 0000.000000|0.000000
100|"EE-DOCS"| 6772.000000| 0000.000000| 0038.000000|35.000000
100|"EGLOWS1-ENCD"| 0026.000000| 0000.000000| 0000.000000|0.000000
100|"EH2512-1"| 0004.000000| 0000.000000| 0000.000000|0.000000
100|"EM1450"| 0004.000000| 0000.000000| 0000.000000|0.000000
100|"ENTRA-GLO-CD"| 1990.000000| 0000.000000| 0000.000000|0.000000
100|"ENTRA-LS"| 0006.000000| 0000.000000| 0000.000000|0.000000
100|"ENTRA-LS-DIS"| 0008.000000| 0000.000000| 0000.000000|0.000000
100|"ENTRA-LS-UPG"| 0025.000000| 0000.000000| 0000.000000|0.000000
100|"ENTRA-LS/UPG"| 0002.000000| 0000.000000| 0000.000000|0.000000
100|"ENTRA-RS-DEM"| 0119.000000| 0000.000000| 0000.000000|0.000000
100|"ENTRA-RS-DIS"| 0016.000000| 0000.000000| 0000.000000|0.000000
100|"ENTRA-RS-UPG"| 0001.000000| 0000.000000| 0000.000000|0.000000
100|"ENTRA-RS/UPG"| 0018.000000| 0000.000000| 0000.000000|0.000000
100|"EOL-485"| 0870.000000| 0000.000000| 0000.000000|0.000000
100|"EP-120-4E"| 0003.000000| 0000.000000| 0000.000000|0.000000
100|"EP-2202"| 0014.000000| 0000.000000| 0000.000000|0.000000
100|"EP-8002"| 0190.000000| 0250.000000| 0023.000000|13.000000
100|"EP-ENTRA"| 0005.000000| 0016.000000| 0000.000000|0.000000
100|"EP-ENTRA2"| 0047.000000| 0840.000000| 0101.000000|47.000000
100|"EP-IOPASS"| 0120.000000| 0000.000000| 0000.000000|0.000000
100|"EP-WP"| 0045.000000| 0100.000000| 0000.000000|0.000000
100|"EP190-1"| 0052.000000| 0000.000000| 0000.000000|0.000000
100|"EP190-2"| 0155.000000| 0000.000000| 0000.000000|0.000000
100|"EP191-3"| 0033.000000| 0000.000000| 0000.000000|0.000000
100|"EPMPDK"| 0001.000000| 0000.000000| 0000.000000|0.000000
100|"ES-KTP/103SN"| 0002.000000| 0036.000000| 0000.000000|0.000000
100|"ESM480"| 0001.000000| 0063.000000| 0026.000000|1.000000
100|"FA-81518"| 0068.000000| 0000.000000| 0000.000000|0.000000
100|"FA-81593"| 0069.000000| 0000.000000| 0000.000000|0.000000
100|"FA-81733"| 0056.000000| 0000.000000| 0000.000000|0.000000
100|"FA-81740"| 0073.000000| 0000.000000| 0000.000000|0.000000
100|"FA-81783"| 0069.000000| 0000.000000| 0000.000000|0.000000
100|"FA-86031"| 0070.000000| 0000.000000| 0000.000000|0.000000
100|"FA-86032"| 0071.000000| 0000.000000| 0000.000000|0.000000
100|"FP3231A"| 0006.000000| 0000.000000| 0000.000000|0.000000
100|"FP3236A"| 0001.000000| 0000.000000| 0000.000000|0.000000
100|"FP3237A"| 0001.000000| 0000.000000| 0000.000000|0.000000
100|"FP3516A"| 0005.000000| 0000.000000| 0000.000000|0.000000
100|"FP3517A"| 0007.000000| 0000.000000| 0000.000000|0.000000
100|"FP3521A"| 0001.000000| 0005.000000| 0000.000000|0.000000
100|"FP3526A"| 0010.000000| 0000.000000| 0000.000000|0.000000
100|"FP3527A"| 0038.000000| 0000.000000| 0000.000000|0.000000
100|"FP4551A"| 0001.000000| 0000.000000| 0000.000000|0.000000
100|"FPZ-3511A"| 0001.000000| 0000.000000| 0000.000000|0.000000
100|"FUSE3A2AG"| 0030.000000| 0000.000000| 0000.000000|0.000000
100|"FW-APC"| 0774.000000| 0000.000000| 0000.000000|0.000000
100|"FW-APC8X"| 0044.000000| 0000.000000| 0000.000000|0.000000
100|"FW-APCL"| 0045.000000| 0000.000000| 0010.000000|10.000000
100|"GBC-MM-950-4"| 0011.000000| 0000.000000| 0000.000000|0.000000
100|"HID-413"| 0010.000000| 0000.000000| 0000.000000|0.000000
100|"HID-445-PRN"| 0015.000000| 0000.000000| 0000.000000|0.000000
100|"HID-445-RFL"| 0002.000000| 0000.000000| 0000.000000|0.000000
100|"HID-C1324A"| 0186.000000| 0100.000000| 0000.000000|0.000000
100|"HID-C1326"| 0008.000000| 2100.000000| 0000.000000|0.000000
100|"HID-C1326KSF"| 2972.000000| 5000.000000| 3825.000000|2972.00000
100|"HID-C1336"| 0241.000000| 0000.000000| 0000.000000|0.000000
100|"HID-C1336/GG"| 8164.000000| 0000.000000| 0000.000000|0.000000
100|"HID-C1336K/G"| 6294.000000| 0000.000000| 0000.000000|0.000000
100|"HID-C1336KSF"| 0148.000000| 0000.000000| 0000.000000|0.000000
100|"HID-C1346"| 2511.000000| 0075.000000| 0000.000000|0.000000
100|"HID-C1346KSF"| 0864.000000| 0000.000000| 0000.000000|0.000000
100|"HID-C1351"| 0030.000000| 0800.000000| 0810.000000|30.000000
100|"HID-C1366KSF"| 0199.000000| 0000.000000| 0000.000000|0.000000
100|"HID-C1386"| 1100.000000| 0000.000000| 0000.000000|0.000000
100|"HID-C1386/GG"| 2462.000000| 0000.000000| 0000.000000|0.000000
100|"HID-C1386K/G"| 3650.000000| 0000.000000| 0000.000000|0.000000
100|"HID-C1386KSF"| 4141.000000| 0000.000000| 0300.000000|300.000000
100|"HID-MP5365"| 0069.000000| 0000.000000| 0000.000000|0.000000
100|"HID-PP6005B"| 0067.000000| 0000.000000| 0002.000000|2.000000
100|"HID-PR5355"| 0030.000000| 0000.000000| 0001.000000|1.000000
100|"HID-TL5395BE"| 0003.000000| 0000.000000| 0000.000000|0.000000
100|"HID-TL5395BL"| 0072.000000| 0000.000000| 0000.000000|0.000000
100|"HID-TL5395WH"| 0028.000000| 0000.000000| 0000.000000|0.000000
100|"HK-2"| 0001.000000| 0000.000000| 0000.000000|0.000000
100|"HS-9168U"| 0027.000000| 0003.000000| 0000.000000|0.000000
100|"HS-9960U"| 0037.000000| 0000.000000| 0000.000000|0.000000
100|"HS-CM217"| 1879.000000| 0425.000000| 0141.000000|124.000000
100|"ICS-090BHNU"| 0023.000000| 0000.000000| 0000.000000|0.000000
100|"ICS090-CA8"| 0015.000000| 0000.000000| 0000.000000|0.000000
100|"ICS090-CR3"| 0002.000000| 0000.000000|-0003.000000|0.000000
100|"ICS090-CRV4A"| 0005.000000| 0000.000000| 0000.000000|0.000000
100|"ICS100-PG"| 0001.000000| 0000.000000|-0002.000000|0.000000
100|"ID-CAMERA"| 0035.000000| 0000.000000| 0000.000000|0.000000
100|"ID-TRIPOD"| 0037.000000| 0000.000000| 0000.000000|0.000000
100|"ID-VIDEO"| 0038.000000| 0000.000000| 0000.000000|0.000000
100|"ID200-G"| 0070.000000| 0000.000000| 0000.000000|0.000000
100|"ID200G-R"| 8366.000000| 0000.000000| 0000.000000|0.000000
100|"IDANTM1000-1356T"| 0033.000000| 0000.000000| 0000.000000|0.000000
100|"IDANTM2000-915C"| 0411.000000| 0000.000000| 0000.000000|0.000000
100|"IDANTM2000-915L"| 0578.000000| 0000.000000| 0000.000000|0.000000
100|"IDCS-5"| 0006.000000| 0000.000000| 0000.000000|0.000000
100|"IDEPC1R313"| 0002.000000| 0040.000000| 0000.000000|0.000000
100|"IDRDSRM1000"| 0056.000000| 0061.000000| 0000.000000|0.000000
100|"IDRDTM1000"| 0012.000000| 0000.000000| 0000.000000|0.000000
100|"IEB105"| 0009.000000| 0000.000000| 0000.000000|0.000000
100|"IET019"| 0002.000000| 0000.000000| 0000.000000|0.000000
100|"IHW001"| 0204.000000| 0000.000000| 0000.000000|0.000000
100|"IMA030"| 0008.000000| 0000.000000| 0000.000000|0.000000
100|"IML005"| 0018.000000| 0000.000000| 0000.000000|0.000000
100|"IML010"| 0003.000000| 0000.000000| 0000.000000|0.000000
100|"INA020"| 0036.000000| 0000.000000| 0000.000000|0.000000
100|"INK018"| 0012.000000| 0000.000000| 0000.000000|0.000000
100|"INTVKVM2"| 0005.000000| 0000.000000| 0001.000000|1.000000
100|"ISO-30/GG"| 1550.000000| 0000.000000|-0100.000000|0.000000
100|"IVUPS150"| 0001.000000| 0000.000000| 0000.000000|0.000000
100|"IWM-GY"| 0004.000000| 0000.000000| 0000.000000|0.000000
100|"JA-505-SDL"| 0438.000000| 0000.000000| 0000.000000|0.000000
100|"JA-506-T1"| 1278.000000| 0000.000000| 0000.000000|0.000000
100|"JA-NC-36"| 0792.000000| 0000.000000| 0000.000000|0.000000
100|"JLSTGNP"| 0200.000000| 0000.000000| 0000.000000|0.000000
100|"KBD300A"| 0001.000000| 0000.000000| 0000.000000|0.000000
100|"KLEXP-08"| 0018.000000| 0000.000000| 0000.000000|0.000000
100|"KP-2500"| 0009.000000| 0007.000000| 0002.000000|2.000000
100|"KT-100"| 0023.000000| 0189.000000| 0069.000000|23.000000
100|"KT-200"| 0273.000000| 0093.000000| 0021.000000|8.000000
100|"KT-200-CAMLO"| 0005.000000| 0005.000000| 0000.000000|0.000000
100|"KT-200BO"| 0010.000000| 0010.000000| 0000.000000|0.000000
100|"KT-200CSA"| 0028.000000| 0058.000000| 0000.000000|0.000000
100|"KT-200F-ACC"| 0005.000000| 0001.000000| 0000.000000|0.000000
100|"KT-200G-ACC"| 0075.000000| 0000.000000| 0000.000000|0.000000
100|"KT-200NB"| 0048.000000| 0002.000000| 0001.000000|1.000000
100|"KT-200PCB"| 0003.000000| 0010.000000| 0000.000000|0.000000
100|"KT-300-ACC"| 0107.000000| 0000.000000| 0000.000000|0.000000
100|"KT-300/128K"| 0242.000000| 0975.000000| 0043.000000|40.000000
100|"KT-300/512K"| 0006.000000| 0002.000000| 0000.000000|0.000000
100|"KT-300CAB"| 0020.000000| 0000.000000| 0000.000000|0.000000
100|"KT-300FIR"| 0005.000000| 0015.000000| 0000.000000|0.000000
100|"KT-300FLASH"| 0111.000000| 0035.000000| 0000.000000|0.000000
100|"KT-300LOCK"| 0664.000000| 0000.000000| 0000.000000|0.000000
100|"KT-300PCB128"| 0063.000000| 0036.000000| 0000.000000|0.000000
100|"KT-300PCB512"| 0046.000000| 0000.000000| 0000.000000|0.000000
100|"KT-300PCBACC"| 0037.000000| 0000.000000| 0000.000000|0.000000
100|"KT-300TAMP"| 0564.000000| 0000.000000| 0001.000000|1.000000
100|"KT-4051CAB"| 0459.000000| 0000.000000| 0000.000000|0.000000
100|"KT-BATT-12"| 2409.000000| 0000.000000| 0012.000000|11.000000
100|"KT-BD7-12"| 0010.000000| 0000.000000| 0000.000000|0.000000
100|"KT-PC4108"| 0155.000000| 0000.000000| 0000.000000|0.000000
100|"KT-PC4204"| 0418.000000| 0000.000000| 0000.000000|0.000000
100|"KT-PC4216"| 0258.000000| 0000.000000| 0000.000000|0.000000
100|"KT-RM1"| 0862.000000| 0300.000000| 0026.000000|24.000000
100|"KT3-LCD"| 0020.000000| 0000.000000| 0000.000000|0.000000
100|"L0412CS"| 0033.000000| 0000.000000| 0000.000000|0.000000
100|"L0412NI"| 0004.000000| 0000.000000| 0000.000000|0.000000
100|"L0812CS"| 0030.000000| 0000.000000| 0000.000000|0.000000
100|"L0812NI"| 0017.000000| 0000.000000| 0000.000000|0.000000
100|"L1214CS"| 0001.000000| 0000.000000| 0000.000000|0.000000
100|"L2616CS"| 0041.000000| 0040.000000| 0032.000000|22.000000
100|"L35814CS"| 1580.000000| 0005.000000| 0714.000000|533.000000
100|"L55013CS"| 0197.000000| 0000.000000| 0025.000000|22.000000
100|"LA-UDS-10EU"| 0002.000000| 0003.000000| 0000.000000|0.000000
100|"LD0412CS"| 0097.000000| 0000.000000| 0008.000000|8.000000
100|"LD0614CS"| 0015.000000| 0000.000000| 0000.000000|0.000000
100|"LD0812CS"| 0016.000000| 0000.000000|-0001.000000|0.000000
100|"LD1214CS"| 0003.000000| 0000.000000| 0000.000000|0.000000
100|"LD2616CS"| 0067.000000| 0020.000000| 0035.000000|36.000000
100|"LD35814CS"| 3295.000000| 0701.000000| 1153.000000|984.000000
100|"LD3616CS"| 0004.000000| 0000.000000| 0000.000000|0.000000
100|"LD41016CS"| 0077.000000| 0000.000000| 0001.000000|1.000000
100|"LD55013CS"| 0348.000000| 0180.000000| 0022.000000|23.000000
100|"LTC0455/20"| 0015.000000| 0000.000000|-0002.000000|0.000000
100|"LTC2821/90"| 0051.000000| 0000.000000| 0000.000000|0.000000
100|"LTC3364/50"| 0009.000000| 0000.000000| 0000.000000|0.000000
100|"LTC3364/60"| 0001.000000| 0000.000000| 0000.000000|0.000000
100|"LTC3374/50"| 0005.000000| 0000.000000| 0000.000000|0.000000
100|"LZ067212A"| 0018.000000| 0000.000000| 0000.000000|0.000000
100|"LZ067212AP"| 0008.000000| 0000.000000| 0000.000000|0.000000
100|"LZ088012A"| 0001.000000| 0000.000000| 0000.000000|0.000000
100|"MA-1000"| 0038.000000| 0000.000000| 0000.000000|0.000000
100|"MA-792"| 0006.000000| 0000.000000| 0000.000000|0.000000
100|"MC60"| 0069.000000| 0060.000000| 0065.000000|62.000000
100|"MC65-1"| 0166.000000| 0000.000000| 0002.000000|2.000000
100|"MCS16-10B"| 0003.000000| 0000.000000| 0000.000000|0.000000
100|"MCS4-2B"| 0002.000000| 0000.000000| 0000.000000|0.000000
100|"MD-12"| 0011.000000| 0000.000000| 0000.000000|0.000000
100|"MDM-MT"| 0058.000000| 0000.000000| 0001.000000|1.000000
100|"MDM-MT-R"| 0011.000000| 0000.000000| 0000.000000|0.000000
100|"MICRO2A"| 0018.000000| 0015.000000| 0000.000000|0.000000
100|"MICRO5A"| 0052.000000| 0000.000000| 0000.000000|0.000000
100|"MJULTACK-2"| 0100.000000| 0000.000000| 0000.000000|0.000000
100|"MK225-1"| 0566.000000| 2509.000000| 0964.000000|474.000000
100|"MK395-1"| 0611.000000| 0300.000000| 0239.000000|38.000000
100|"MK395-2"| 0834.000000| 0599.000000| 0777.000000|525.000000
100|"MK395-2LG"| 0105.000000| 0082.000000| 0067.000000|67.000000
100|"MK54-3P"| 0048.000000| 0000.000000| 0000.000000|0.000000
100|"MK75I"| 1380.000000| 2250.000000| 0894.000000|729.000000
100|"MK75IZA"| 1454.000000| 0756.000000| 1638.000000|1454.00000
100|"MKD31-B"| 0037.000000| 0800.000000| 0137.000000|37.000000
100|"MKD6"| 0179.000000| 0000.000000| 0000.000000|0.000000
100|"MKDLOCK"| 0096.000000| 1040.000000| 0119.000000|96.000000
100|"ML831C28"| 0106.000000| 0000.000000| 0000.000000|0.000000
100|"ML831SCSC28"| 0017.000000| 0000.000000| 0000.000000|0.000000
109|"MP-CBL"| 0003.000000| 0000.000000| 0000.000000|0.000000
109|"MP-KMI"| 0015.000000| 0000.000000| 0000.000000|0.000000
100|"MP-PSU"| 0001.000000| 0000.000000| 0000.000000|0.000000
109|"MP-PSU"| 0007.000000| 0000.000000| 0002.000000|2.000000
100|"MP1000CC"| 0002.000000| 0000.000000|-0002.000000|0.000000
109|"MP1000CC"| 0007.000000| 0000.000000| 0005.000000|5.000000
109|"MP1000KFT"| 0015.000000| 0000.000000| 0000.000000|0.000000
100|"MP1000SC3"| 0026.000000| 0000.000000| 0000.000000|0.000000
100|"MQRPNL"| 0009.000000| 0005.000000| 0000.000000|0.000000
100|"MR4050"| 0003.000000| 0000.000000| 0000.000000|0.000000
100|"MUSB-1BEI"| 0437.000000| 0000.000000| 0000.000000|0.000000
100|"MUSB-1WHT"| 0587.000000| 0000.000000| 0001.000000|1.000000
100|"MV16P-30"| 0009.000000| 0074.000000| 0004.000000|4.000000
100|"MV16P-30-1"| 0009.000000| 0000.000000| 0000.000000|0.000000
100|"MV19P-30"| 0051.000000| 0000.000000| 0002.000000|2.000000
100|"MV19P-30-1"| 0014.000000| 0000.000000| 0000.000000|0.000000
100|"MV27-1"| 0010.000000| 0000.000000| 0000.000000|0.000000
100|"MV47"| 0001.000000| 0000.000000| 0000.000000|0.000000
100|"MV47-1"| 0001.000000| 0000.000000| 0000.000000|0.000000
100|"MV77-1"| 0006.000000| 0000.000000| 0000.000000|0.000000
100|"MV94P-30"| 0026.000000| 0036.000000| 0002.000000|2.000000
100|"MV94P-30-1"| 0019.000000| 0000.000000| 0000.000000|0.000000
100|"MV96P-30"| 0288.000000| 0091.000000| 0079.000000|78.000000
100|"MV96P-30-1"| 0004.000000| 0000.000000| 0000.000000|0.000000
100|"MV99P-30"| 0419.000000| 0000.000000| 0002.000000|2.000000
100|"MX-4"| 0196.000000| 0000.000000| 0000.000000|0.000000
100|"N701-STC"| 0008.000000| 0000.000000| 0000.000000|0.000000
100|"NV-213A-M"| 0007.000000| 0000.000000| 0000.000000|0.000000
100|"OP1240G"| 0028.000000| 0000.000000| 0000.000000|0.000000
100|"P-BUTN-2BE"| 0005.000000| 0000.000000| 0000.000000|0.000000
100|"P-BUTN/200"| 0053.000000| 0133.000000| 0040.000000|0.000000
100|"P-BUTN/400"| 0150.000000| 0000.000000| 0000.000000|0.000000
100|"P-TAMP"| 0065.000000| 0015.000000| 0000.000000|0.000000
100|"P100-ADTEU"| 0379.000000| 0000.000000| 0000.000000|0.000000
100|"P100W26"| 0545.000000| 0000.000000| 0015.000000|2.000000
100|"P100W26-BEI"| 0087.000000| 0000.000000| 0000.000000|0.000000
100|"P100W26/5M"| 0320.000000| 0000.000000| 0000.000000|0.000000
100|"P100XSF"| 0240.000000| 0269.000000| 0014.000000|14.000000
100|"P100XSF/5M"| 0072.000000| 0000.000000| 0000.000000|0.000000
100|"P200-ADTEU"| 0139.000000| 0000.000000| 0000.000000|0.000000
100|"P200BU-LEBL"| 0018.000000| 0005.000000| 0000.000000|0.000000
100|"P200LEBE-Q10"| 0004.000000| 0000.000000| 0000.000000|0.000000
100|"P200LEBL-Q10"| 0009.000000| 0034.000000| 0000.000000|0.000000
100|"P200W26"| 0074.000000| 0364.000000| 0086.000000|45.000000
100|"P200W26/5M"| 0002.000000| 0000.000000| 0002.000000|2.000000
100|"P200XSF"| 0181.000000| 0578.000000| 0013.000000|13.000000
100|"P200XSF/5M"| 0074.000000| 0000.000000| 0000.000000|0.000000
100|"P225KPXSF"| 0030.000000| 0000.000000| 0002.000000|2.000000
100|"P300-ADTEU"| 0165.000000| 0000.000000| 0000.000000|0.000000
100|"P300LEBE-Q10"| 0018.000000| 0000.000000| 0000.000000|0.000000
100|"P300LEBL-Q10"| 0027.000000| 0000.000000| 0000.000000|0.000000
100|"P300W26"| 0050.000000| 0056.000000| 0001.000000|0.000000
100|"P300W26/5M"| 0041.000000| 0000.000000| 0000.000000|0.000000
100|"P300XSF"| 0381.000000| 0220.000000| 0031.000000|31.000000
100|"P300XSF/5M"| 0100.000000| 0000.000000| 0000.000000|0.000000
100|"P325KPXSF"| 0011.000000| 0000.000000| 0000.000000|0.000000
100|"P400BU-LEBL"| 0003.000000| 0000.000000| 0000.000000|0.000000
100|"P400LEBL-Q10"| 0010.000000| 0000.000000| 0000.000000|0.000000
100|"P400W26"| 0234.000000| 0000.000000| 0000.000000|0.000000
100|"P400W26/5M"| 0029.000000| 0000.000000| 0000.000000|0.000000
100|"P400XSF"| 0046.000000| 0020.000000| 0000.000000|0.000000
100|"P400XSF/5M"| 0171.000000| 0000.000000| 0000.000000|0.000000
100|"P50TAG"| 3800.000000| 5000.000000| 0000.000000|0.000000
100|"P555KPBE5-SE"| 0273.000000| 0602.000000| 0010.000000|10.000000
100|"P555KPW26"| 0025.000000| 0040.000000| 0000.000000|0.000000
100|"P555KPW26/5M"| 0045.000000| 0011.000000| 0000.000000|0.000000
100|"P555KPW26/BE"| 0421.000000| 0000.000000| 0000.000000|0.000000
100|"P555KPXSF"| 0274.000000| 0000.000000| 0007.000000|7.000000
100|"P555KPXSF-BE"| 0045.000000| 0000.000000| 0000.000000|0.000000
100|"P555KPXSF/5M"| 0068.000000| 0000.000000| 0000.000000|0.000000
100|"P555KPXSFBE5"| 0041.000000| 0000.000000| 0000.000000|0.000000
100|"P600"| 0032.000000| 0000.000000| 0000.000000|0.000000
100|"PC-1-XP"| 0046.000000| 0000.000000| 0000.000000|0.000000
100|"PC-2-XP"| 0087.000000| 0001.000000| 0009.000000|11.000000
100|"PEWEPED"| 0002.000000| 0000.000000| 0000.000000|0.000000
100|"PEWIDEEXIT"| 0002.000000| 0000.000000| 0000.000000|0.000000
100|"PID-ANT-PRX"| 0005.000000| 0050.000000| 0000.000000|0.000000
100|"PK-3"| 0001.000000| 0000.000000| 0000.000000|0.000000
100|"PMC21A"| 0001.000000| 0000.000000| 0000.000000|0.000000
100|"PMCS17A"| 0001.000000| 0000.000000| 0000.000000|0.000000
100|"POL-25M"| 0002.000000| 0000.000000| 0000.000000|0.000000
100|"POL-2KP"| 0008.000000| 0015.000000| 0001.000000|1.000000
100|"POL-2KP-5M"| 0280.000000| 0000.000000| 0000.000000|0.000000
100|"POL-C1CN"| 6275.000000| 3000.000000| 0250.000000|150.000000
100|"POL-C5CN"| 2040.000000| 2000.000000| 0000.000000|0.000000
100|"POL-C6CN"| 3960.000000| 0000.000000| 0700.000000|700.000000
100|"PS-110"| 0004.000000| 0000.000000| 0000.000000|0.000000
100|"PS-12"| 0111.000000| 0000.000000| 0000.000000|0.000000
100|"PS-13"| 0201.000000| 0000.000000| 0000.000000|0.000000
100|"PVC-1"| 0014.000000| 0000.000000| 0000.000000|0.000000
100|"PVW-PS-509"| 0001.000000| 0000.000000| 0000.000000|0.000000
100|"R0300-0444-01"| 0001.000000| 0000.000000| 0000.000000|0.000000
100|"R0300-0446-01"| 0001.000000| 0000.000000| 0000.000000|0.000000
100|"R0300-2262-02"| 0003.000000| 0000.000000|-0001.000000|0.000000
100|"RAS614LS"| 0178.000000| 0081.000000| 0112.000000|95.000000
100|"RAS915LS"| 0032.000000| 0000.000000| 0000.000000|0.000000
100|"RAS915LS-1"| 0005.000000| 0000.000000| 0000.000000|0.000000
100|"RAS916LS"| 0373.000000| 0819.000000| 0326.000000|298.000000
100|"RAS916WLS"| 0016.000000| 0000.000000| 0000.000000|0.000000
100|"RAS917LS"| 0358.000000| 0304.000000| 0154.000000|136.000000
100|"RAS917LS-1"| 0002.000000| 0022.000000| 0011.000000|2.000000
100|"RAS917WLS"| 0013.000000| 0004.000000| 0000.000000|0.000000
100|"RASELHC"| 0045.000000| 0000.000000| 0000.000000|0.000000
100|"RASELHC-1"| 0014.000000| 0005.000000| 0000.000000|0.000000
100|"RASELHS"| 0043.000000| 0081.000000| 0012.000000|3.000000
100|"RASELHS-1"| 0008.000000| 0000.000000| 0001.000000|1.000000
100|"RASELPC"| 0013.000000| 0000.000000| 0000.000000|0.000000
100|"RASELPS"| 0011.000000| 0000.000000| 0000.000000|0.000000
100|"RASINHC"| 0049.000000| 0000.000000| 0000.000000|0.000000
100|"RASINHS"| 0235.000000| 0034.000000| 0036.000000|21.000000
100|"RASINPC"| 0013.000000| 0000.000000| 0000.000000|0.000000
100|"RASINPS"| 0201.000000| 1824.000000| 0011.000000|12.000000
100|"RASIPHS-1"| 0002.000000| 0000.000000| 0000.000000|0.000000
100|"RASIPPS-1"| 0004.000000| 0000.000000| 0000.000000|0.000000
100|"RASONPC"| 0024.000000| 0006.000000| 0007.000000|4.000000
100|"RASONPS"| 0019.000000| 0013.000000| 0003.000000|3.000000
100|"RASOPPC-1"| 0002.000000| 0000.000000| 0000.000000|0.000000
100|"RASVWRA"| 0076.000000| 0000.000000| 0000.000000|0.000000
100|"RC32RCEKIT"| 0045.000000| 0000.000000| 0000.000000|0.000000
100|"RCDV-4NTD-KT"| 0002.000000| 0000.000000| 0000.000000|0.000000
100|"RCMCEKIT"| 0001.000000| 0000.000000| 0000.000000|0.000000
100|"RDULTRA"| 0225.000000| 0000.000000| 0055.000000|55.000000
100|"RDVDAT01"| 0001.000000| 0017.000000| 0001.000000|1.000000
100|"RDVEXP01"| 0008.000000| 0002.000000| 0003.000000|3.000000
100|"RDVEXP02"| 0003.000000| 0005.000000| 0000.000000|0.000000
100|"RDVMAN22-E"| 0204.000000| 0000.000000| 0000.000000|0.000000
100|"RDVNC-24"| 0014.000000| 0000.000000| 0000.000000|1.000000
100|"RDVNC-31"| 0053.000000| 0000.000000| 0021.000000|23.000000
100|"RDVNCUPG-24"| 0002.000000| 0000.000000| 0000.000000|0.000000
100|"RDVSPK01"| 0067.000000| 0000.000000| 0000.000000|0.000000
100|"RDVSRV01"| 0015.000000| 0000.000000| 0000.000000|0.000000
100|"RDVUPG24"| 0004.000000| 0010.000000| 0005.000000|4.000000
100|"RDVUPG30"| 0012.000000| 0000.000000| 0007.000000|6.000000
100|"RDVUPG302"| 0004.000000| 0000.000000| 0000.000000|0.000000
100|"RDVUPG30G"| 0072.000000| 0000.000000| 0000.000000|0.000000
100|"RDVUPG30J"| 0013.000000| 0001.000000| 0001.000000|0.000000
100|"RDVUPG31"| 0043.000000| 0000.000000| 0002.000000|2.000000
100|"RDVUPGCDR01"| 0023.000000| 0023.000000| 0002.000000|2.000000
100|"RDVUPGCMB"| 0031.000000| 0003.000000| 0004.000000|5.000000
100|"RDVUPGFW"| 0003.000000| 0007.000000| 0005.000000|3.000000
100|"RDVUPGM1"| 0009.000000| 0000.000000| 0000.000000|0.000000
100|"RDVUPGPRM"| 0015.000000| 0030.000000| 0005.000000|5.000000
100|"RDVUPGSCSI01"| 0006.000000| 0027.000000| 0014.000000|6.000000
100|"REB-8"| 0095.000000| 0000.000000| 0000.000000|0.000000
100|"RFSTC651"| 0003.000000| 0000.000000| 0000.000000|0.000000
100|"RG2513M"| 0001.000000| 0000.000000| 0000.000000|0.000000
100|"RG440"| 0007.000000| 0000.000000| 0000.000000|0.000000
100|"RG500H"| 0002.000000| 0000.000000| 0000.000000|0.000000
100|"RH213E3"| 0103.000000| 0000.000000|-0003.000000|0.000000
100|"RH2X2"| 0970.000000| 0004.000000| 0038.000000|23.000000
100|"RH311"| 1212.000000| 0800.000000| 0415.000000|432.000000
100|"RH896W"| 0008.000000| 0000.000000| 0000.000000|0.000000
100|"RHCORNER"| 0045.000000| 0000.000000| 0005.000000|4.000000
100|"RHDR2X2"| 0175.000000| 0000.000000| 0091.000000|91.000000
103|"RHDR2X2"| 0068.000000| 0000.000000| 0232.000000|45.000000
100|"RHDR2X28"| 0014.000000| 0000.000000| 0000.000000|0.000000
103|"RHDR2X28"| 0547.000000| 0000.000000| 0117.000000|97.000000
100|"RHDR2X2DMY"| 0407.000000| 0000.000000| 0005.000000|5.000000
100|"RHDRCAN"| 0014.000000| 0000.000000| 0000.000000|0.000000
103|"RHDRCAN"| 0055.000000| 0000.000000| 0045.000000|24.000000
103|"RHDRCDU"| 0027.000000| 0000.000000| 0000.000000|0.000000
103|"RHDRPEN"| 0175.000000| 0000.000000| 0000.000000|0.000000
103|"RHDRPEN10"| 0145.000000| 0000.000000| 0216.000000|145.000000
103|"RHDRSMD12"| 0006.000000| 0000.000000| 0003.000000|3.000000
103|"RHDRVIC-LED"| 0027.000000| 0000.000000| 0075.000000|27.000000
100|"RHEXT2"| 0141.000000| 0000.000000|-0002.000000|0.000000
100|"RHEXT4"| 0059.000000| 0000.000000| 0021.000000|10.000000
100|"RHI2X2"| 0001.000000| 0120.000000| 0040.000000|1.000000
100|"RHIDPR5355KP"| 0001.000000| 0000.000000| 0000.000000|0.000000
100|"RHIDTL5395BE"| 0010.000000| 0000.000000| 0000.000000|0.000000
100|"RHIDTL5395BL"| 0003.000000| 0000.000000| 0000.000000|0.000000
100|"RHIRT"| 0037.000000| 0076.000000| 0000.000000|0.000000
100|"RHIU2X2M"| 0425.000000| 0250.000000| 0098.000000|94.000000
100|"RHIU2X2P"| 0343.000000| 0000.000000| 0124.000000|118.000000
100|"RHIU3X3"| 0033.000000| 0000.000000| 0000.000000|0.000000
100|"RHIU4X4"| 0016.000000| 0000.000000| 0001.000000|1.000000
100|"RHIUAB"| 0354.000000| 0000.000000| 0013.000000|13.000000
100|"RHIUCM"| 0147.000000| 0000.000000| 0007.000000|0.000000
100|"RHIUFB"| 0118.000000| 0000.000000| 0001.000000|1.000000
100|"RHIUHC"| 0264.000000| 0550.000000| 0193.000000|191.000000
100|"RHIUIB"| 0368.000000| 3325.000000| 0089.000000|87.000000
100|"RHIUIBM"| 0474.000000| 0000.000000| 0068.000000|68.000000
101|"RHIULED"| 0074.000000| 0000.000000| 0000.000000|0.000000
100|"RHIULWM"| 0004.000000| 0050.000000| 0001.000000|0.000000
100|"RHIUPNDT"| 0600.000000| 0000.000000| 0044.000000|56.000000
100|"RHIUTBAR"| 0056.000000| 0000.000000| 0000.000000|0.000000
100|"RHIUTH"| 1113.000000| 0500.000000| 0280.000000|255.000000
100|"RHM032SU"| 0029.000000| 0000.000000| 0000.000000|0.000000
100|"RHM314ST"| 0020.000000| 0001.000000| 0009.000000|9.000000
100|"RHM314SU"| 0064.000000| 0005.000000| 0026.000000|14.000000
100|"RHM321ST"| 0222.000000| 0000.000000| 0013.000000|14.000000
100|"RHM321SU"| 0301.000000| 0000.000000| 0044.000000|45.000000
100|"RHM321WL"| 0122.000000| 0000.000000| 0027.000000|28.000000
100|"RHM417WL"| 0006.000000| 0000.000000| 0000.000000|0.000000
100|"RHM427ST"| 0072.000000| 0000.000000| 0022.000000|21.000000
100|"RHM427SU"| 0013.000000| 0020.000000| 0007.000000|7.000000
100|"RHM427WL"| 0004.000000| 0000.000000| 0000.000000|0.000000
100|"RHMCS9"| 0026.000000| 0001.000000| 0011.000000|11.000000
100|"RHMINI-3W"| 0041.000000| 0000.000000| 0000.000000|0.000000
100|"RHMINI-6W"| 0047.000000| 0030.000000| 0020.000000|20.000000
100|"RHOLW"| 0153.000000| 0251.000000| 0090.000000|71.000000
100|"RHOPN"| 0942.000000| 1692.000000| 0123.000000|110.000000
100|"RHOSW"| 0152.000000| 0000.000000| 0012.000000|11.000000
100|"RHOTR"| 0064.000000| 0123.000000| 0025.000000|24.000000
100|"RHOWCA"| 0151.000000| 0100.000000| 0029.000000|24.000000
100|"RHOWPA"| 0146.000000| 0100.000000| 0033.000000|22.000000
100|"RHQDOME"| 0007.000000| 0000.000000| 0000.000000|0.000000
100|"RHSD8D"| 0113.000000| 0000.000000| 0000.000000|0.000000
100|"RHSDA"| 0023.000000| 0120.000000| 0034.000000|23.000000
100|"RHSTRAP"| 0296.000000| 0000.000000| 0080.000000|79.000000
100|"RHTBAR-9"| 0033.000000| 0000.000000| 0000.000000|0.000000
100|"RHTBAR3-6"| 0028.000000| 0000.000000| 0002.000000|2.000000
100|"RHW314"| 0297.000000| 0000.000000| 0070.000000|65.000000
100|"RHWMB"| 0001.000000| 0000.000000| 0000.000000|0.000000
100|"RICHEVUP-2"| 0130.000000| 0000.000000| 0001.000000|1.000000
100|"RIKRMONIT2"| 0015.000000| 0000.000000| 0000.000000|0.000000
100|"RIMONC17"| 0001.000000| 0000.000000| 0000.000000|0.000000
100|"RIMULTI-C"| 0009.000000| 0000.000000| 0000.000000|0.000000
100|"RIMULTI-L"| 0061.000000| 0000.000000| 0000.000000|0.000000
100|"RIMULTIP1"| 0003.000000| 0001.000000| 0000.000000|0.000000
100|"RIP1KIT"| 0182.000000| 0000.000000| 0000.000000|0.000000
100|"RIPPLUS"| 0005.000000| 0000.000000| 0000.000000|0.000000
100|"RIPPLUS-1"| 0001.000000| 0000.000000| 0000.000000|0.000000
100|"RITEXUP"| 0004.000000| 0002.000000| 0000.000000|0.000000
100|"RJ1SNUD"| 0117.000000| 0020.000000| 0037.000000|33.000000
100|"RJ1SNUD-1"| 0036.000000| 0000.000000| 0000.000000|0.000000
100|"RJ856AP"| 0003.000000| 0001.000000| 0004.000000|3.000000
100|"RJ856UD"| 0146.000000| 0000.000000| 0015.000000|9.000000
100|"RJ856UD-1"| 0004.000000| 0000.000000| 0000.000000|0.000000
100|"RJ860AP1"| 0004.000000| 0000.000000| 0000.000000|0.000000
100|"RM-4"| 0030.000000| 0850.000000| 0208.000000|41.000000
100|"RM-4K"| 0767.000000| 0000.000000| 0017.000000|16.000000
100|"RM-RHA"| 0035.000000| 0000.000000| 0000.000000|0.000000
100|"RM03"| 0093.000000| 0101.000000| 0008.000000|8.000000
100|"RM06"| 0050.000000| 0060.000000| 0011.000000|11.000000
100|"RM1-PI37"| 0003.000000| 0000.000000| 0000.000000|0.000000
100|"RM112S"| 0003.000000| 0000.000000| 0000.000000|0.000000
100|"RM117S"| 0139.000000| 0000.000000| 0000.000000|0.000000
100|"RM15LCD-B"| 0210.000000| 0000.000000| 0003.000000|1.000000
100|"RM1UPG"| 0015.000000| 0000.000000| 0000.000000|0.000000
100|"RM2-MP"| 0004.000000| 0000.000000| 0000.000000|0.000000
100|"RM2-PH"| 0004.000000| 0000.000000| 0002.000000|0.000000
100|"RM2-PI37"| 0003.000000| 0000.000000| 0000.000000|0.000000
100|"RM2L-MP"| 0017.000000| 0000.000000| 0000.000000|0.000000
100|"RM2L-MPT3"| 0010.000000| 0000.000000| 0000.000000|0.000000
100|"RM2L-PH"| 0010.000000| 0000.000000| 0000.000000|0.000000
100|"RM2L-PI26"| 0011.000000| 0000.000000| 0000.000000|0.000000
100|"RM420E"| 0018.000000| 0000.000000| 0000.000000|0.000000
100|"RM427E"| 0014.000000| 0000.000000| 0003.000000|2.000000
100|"RMCT2786Y"| 0016.000000| 0030.000000| 0024.000000|16.000000
100|"RMK40-XP"| 0047.000000| 0000.000000|-0001.000000|0.000000
100|"RMVESAMNT"| 0017.000000| 0000.000000| 0000.000000|0.000000
100|"ROENDC"| 0080.000000| 0000.000000| 0000.000000|0.000000
100|"ROTRF"| 0076.000000| 0000.000000| 0003.000000|3.000000
100|"RP-XS-V50C6036"| 0004.000000| 0000.000000| 0000.000000|0.000000
100|"RP026000"| 0017.000000| 0000.000000| 0000.000000|0.000000
101|"RP026000"| 0737.000000| 0000.000000| 0096.000000|96.000000
100|"RP057628"| 0090.000000| 0000.000000| 0000.000000|0.000000
100|"RP080629"| 0035.000000| 0000.000000| 0014.000000|14.000000
100|"RP091176"| 0013.000000| 0000.000000| 0000.000000|3.000000
100|"RP104L"| 0102.000000| 0000.000000|-0001.000000|3.000000
100|"RP106204"| 0001.000000| 0000.000000| 0000.000000|0.000000
100|"RP110DB"| 0009.000000| 0000.000000| 0000.000000|0.000000
100|"RP110DBARR"| 0010.000000| 0000.000000| 0000.000000|0.000000
100|"RP113108"| 0046.000000| 0000.000000| 0001.000000|3.000000
100|"RP16"| 0051.000000| 0090.000000| 0063.000000|51.000000
100|"RP2131550"| 6000.000000| 0000.000000| 0000.000000|0.000000
100|"RP231633"| 0065.000000| 0000.000000| 0000.000000|0.000000
101|"RP231633"| 0454.000000| 0000.000000| 0188.000000|188.000000
100|"RP249960P"| 0005.000000| 0000.000000| 0000.000000|0.000000
100|"RP263700"| 0042.000000| 0000.000000| 0025.000000|25.000000
101|"RP27-9015"| 0007.000000| 0000.000000| 0000.000000|0.000000
101|"RP27-9189"| 1369.000000| 0000.000000| 0000.000000|0.000000
101|"RP279007"| 0011.000000| 0000.000000| 0035.000000|11.000000
100|"RP318563"| 0003.000000| 0000.000000| 0000.000000|0.000000
100|"RP35042"| 0006.000000| 0000.000000| 0000.000000|0.000000
100|"RP364255"| 0020.000000| 0000.000000| 0005.000000|5.000000
100|"RP426374"| 0261.000000| 0000.000000| 0008.000000|8.000000
100|"RP517R1"| 0001.000000| 0000.000000| 0000.000000|0.000000
100|"RP5232MP"| 0023.000000| 0000.000000| 0002.000000|2.000000
100|"RP845-246W"| 0041.000000| 0000.000000| 0014.000000|14.000000
100|"RP862W"| 0055.000000| 0000.000000| 0014.000000|14.000000
100|"RP883-09W"| 0057.000000| 0010.000000| 0009.000000|9.000000
100|"RP908V-R"| 0001.000000| 0000.000000| 0000.000000|0.000000
100|"RP908V-T"| 0005.000000| 0000.000000| 0000.000000|0.000000
100|"RP98708"| 0002.000000| 0000.000000| 0000.000000|0.000000
100|"RPACC302"| 0001.000000| 0000.000000| 0000.000000|0.000000
100|"RPACC640"| 0069.000000| 0016.000000| 0006.000000|6.000000
100|"RPAVN-5158"| 0003.000000| 0000.000000| 0000.000000|0.000000
101|"RPBPKIT-125"| 0041.000000| 0000.000000| 0000.000000|0.000000
100|"RPCVI26"| 0042.000000| 0000.000000| 0000.000000|0.000000
100|"RPD1000NB"| 0003.000000| 0000.000000| 0000.000000|0.000000
101|"RPD1000NB"| 0081.000000| 0000.000000| 0007.000000|7.000000
100|"RPD1000NW"| 0001.000000| 0000.000000| 0000.000000|0.000000
101|"RPD1000NW"| 0060.000000| 0000.000000|-0001.000000|0.000000
101|"RPD1000PB"| 0006.000000| 0000.000000| 0014.000000|6.000000
100|"RPD1000PW"| 0001.000000| 0000.000000| 0000.000000|0.000000
101|"RPD1000PW"| 0089.000000| 0000.000000| 0003.000000|3.000000
101|"RPD1500NB"| 0011.000000| 0000.000000| 0000.000000|0.000000
101|"RPD1500NW"| 0005.000000| 0000.000000| 0000.000000|0.000000
100|"RPD150NB"| 0001.000000| 0000.000000| 0000.000000|0.000000
101|"RPD150NB"| 0010.000000| 0000.000000| 0000.000000|0.000000
101|"RPD150NW"| 0025.000000| 0000.000000| 0006.000000|6.000000
101|"RPD150PB"| 0053.000000| 0000.000000| 0000.000000|0.000000
101|"RPD150PW"| 0032.000000| 0000.000000| 0004.000000|4.000000
101|"RPD2000NB"| 0010.000000| 0000.000000| 0004.000000|4.000000
100|"RPD2000NW"| 0002.000000| 0000.000000| 0000.000000|0.000000
101|"RPD2000NW"| 0012.000000| 0000.000000| 0000.000000|0.000000
101|"RPD2000PW"| 0008.000000| 0000.000000| 0000.000000|0.000000
101|"RPD250NB"| 0009.000000| 0000.000000| 0000.000000|0.000000
100|"RPD250NW"| 0002.000000| 0000.000000| 0000.000000|0.000000
101|"RPD250NW"| 0030.000000| 0000.000000| 0001.000000|1.000000
101|"RPD250PB"| 0019.000000| 0000.000000| 0000.000000|0.000000
101|"RPD250PW"| 0015.000000| 0000.000000| 0007.000000|7.000000
101|"RPD350NB"| 0003.000000| 0000.000000| 0000.000000|0.000000
101|"RPD350NW"| 0005.000000| 0000.000000| 0001.000000|1.000000
101|"RPD350PB"| 0007.000000| 0000.000000| 0000.000000|0.000000
101|"RPD350PW"| 0014.000000| 0000.000000| 0004.000000|5.000000
101|"RPD500NB"| 0010.000000| 0000.000000| 0000.000000|0.000000
101|"RPD500NW"| 0049.000000| 0000.000000| 0000.000000|1.000000
101|"RPD500PB"| 0001.000000| 0000.000000| 0000.000000|0.000000
101|"RPD500PW"| 0023.000000| 0000.000000| 0003.000000|5.000000
101|"RPD750NB"| 0004.000000| 0000.000000| 0000.000000|0.000000
101|"RPD750NW"| 0027.000000| 0000.000000| 0000.000000|0.000000
100|"RPD750PW"| 0001.000000| 0000.000000| 0000.000000|0.000000
101|"RPD750PW"| 0044.000000| 0000.000000| 0004.000000|4.000000
100|"RPDGD150P"| 0016.000000| 0000.000000| 0000.000000|0.000000
101|"RPDS1000NB"| 0243.000000| 0000.000000| 0000.000000|0.000000
100|"RPDS1000NW"| 0001.000000| 0000.000000| 0000.000000|0.000000
101|"RPDS1000NW"| 0041.000000| 0000.000000| 0002.000000|2.000000
101|"RPDS1000PB"| 0123.000000| 0000.000000| 0000.000000|0.000000
101|"RPDS1000PW"| 0027.000000| 0000.000000| 0006.000000|6.000000
100|"RPDS1500NB"| 0001.000000| 0000.000000| 0000.000000|0.000000
101|"RPDS1500NB"| 0009.000000| 0000.000000| 0000.000000|0.000000
101|"RPDS1500NW"| 0005.000000| 0000.000000| 0000.000000|0.000000
101|"RPDS1500PW"| 0001.000000| 0000.000000| 0000.000000|0.000000
100|"RPDS150NB"| 0002.000000| 0000.000000| 0000.000000|0.000000
101|"RPDS150NB"| 0015.000000| 0000.000000| 0000.000000|0.000000
101|"RPDS150NW"| 0024.000000| 0000.000000| 0003.000000|3.000000
101|"RPDS150PB"| 0012.000000| 0000.000000| 0000.000000|0.000000
100|"RPDS150PW"| 0001.000000| 0000.000000| 0000.000000|0.000000
101|"RPDS150PW"| 0047.000000| 0000.000000| 0005.000000|3.000000
101|"RPDS2000NW"| 0003.000000| 0000.000000| 0002.000000|2.000000
101|"RPDS2000PW"| 0002.000000| 0000.000000| 0000.000000|0.000000
101|"RPDS250NB"| 0007.000000| 0000.000000| 0000.000000|0.000000
101|"RPDS250NW"| 0052.000000| 0000.000000| 0001.000000|1.000000
101|"RPDS250PB"| 0018.000000| 0000.000000| 0000.000000|0.000000
101|"RPDS250PW"| 0026.000000| 0000.000000| 0006.000000|6.000000
101|"RPDS350NB"| 0002.000000| 0000.000000| 0000.000000|0.000000
100|"RPDS350NW"| 0002.000000| 0000.000000| 0000.000000|0.000000
101|"RPDS350NW"| 0003.000000| 0000.000000| 0001.000000|1.000000
101|"RPDS350PB"| 0023.000000| 0000.000000| 0000.000000|0.000000
101|"RPDS350PW"| 0009.000000| 0000.000000| 0000.000000|0.000000
101|"RPDS500NB"| 0016.000000| 0000.000000| 0000.000000|0.000000
101|"RPDS500NW"| 0076.000000| 0000.000000| 0010.000000|10.000000
100|"RPDS500PW"| 0001.000000| 0000.000000| 0000.000000|0.000000
101|"RPDS500PW"| 0019.000000| 0000.000000| 0003.000000|3.000000
101|"RPDS750NB"| 0018.000000| 0000.000000| 0000.000000|0.000000
101|"RPDS750NW"| 0048.000000| 0000.000000| 0008.000000|8.000000
101|"RPDS750PW"| 0011.000000| 0000.000000| 0002.000000|2.000000
100|"RPEE030H"| 0001.000000| 0000.000000| 0000.000000|0.000000
100|"RPEE2527"| 0002.000000| 0000.000000| 0000.000000|0.000000
100|"RPEE470"| 0002.000000| 0000.000000| 0000.000000|0.000000
100|"RPEHX6E"| 0009.000000| 0000.000000| 0000.000000|0.000000
100|"RPEM22"| 0009.000000| 0000.000000| 0000.000000|0.000000
100|"RPIF124SB"| 0004.000000| 0000.000000| 0000.000000|0.000000
100|"RPKVM2PORT"| 0042.000000| 0000.000000| 0007.000000|7.000000
100|"RPKVM4PORT"| 0016.000000| 0000.000000| 0004.000000|5.000000
100|"RPKVM8PORT"| 0004.000000| 0003.000000| 0000.000000|2.000000
100|"RPMT10"| 0002.000000| 0009.000000| 0010.000000|2.000000
101|"RPNC01B"| 0008.000000| 0000.000000| 0000.000000|0.000000
100|"RPNC01W"| 0009.000000| 0000.000000| 0000.000000|0.000000
101|"RPNC01W"| 0016.000000| 0000.000000| 0000.000000|0.000000
101|"RPNC02B"| 0022.000000| 0000.000000| 0000.000000|0.000000
101|"RPNC02W"| 0009.000000| 0000.000000| 0001.000000|1.000000
100|"RPNC03B"| 0003.000000| 0000.000000| 0000.000000|0.000000
101|"RPNC03B"| 0013.000000| 0000.000000| 0002.000000|2.000000
101|"RPNC03W"| 0006.000000| 0000.000000| 0000.000000|0.000000
101|"RPNC04B"| 0070.000000| 0000.000000| 0001.000000|0.000000
101|"RPNC04W"| 0004.000000| 0000.000000| 0000.000000|0.000000
100|"RPNC06B"| 0004.000000| 0000.000000| 0000.000000|0.000000
101|"RPNC06B"| 0002.000000| 0000.000000| 0000.000000|0.000000
101|"RPNC06W"| 0007.000000| 0000.000000| 0000.000000|0.000000
101|"RPNC08B"| 0005.000000| 0000.000000| 0000.000000|0.000000
101|"RPNC08W"| 0009.000000| 0000.000000| 0000.000000|0.000000
101|"RPNC1000W"| 0003.000000| 0000.000000| 0000.000000|0.000000
101|"RPNC10B"| 0050.000000| 0000.000000| 0000.000000|0.000000
101|"RPNC10W"| 0032.000000| 0000.000000| 0000.000000|0.000000
101|"RPNC1500W"| 0003.000000| 0000.000000| 0000.000000|0.000000
101|"RPNC2000W"| 0003.000000| 0000.000000| 0000.000000|0.000000
101|"RPNC500B"| 0009.000000| 0000.000000| 0001.000000|0.000000
101|"RPNC500W"| 0006.000000| 0000.000000|-0001.000000|0.000000
101|"RPNCS01B"| 0002.000000| 0000.000000| 0000.000000|0.000000
101|"RPNCS01W"| 0005.000000| 0000.000000| 0001.000000|1.000000
100|"RPNCS02B"| 0003.000000| 0000.000000| 0000.000000|0.000000
101|"RPNCS02B"| 0027.000000| 0000.000000| 0000.000000|0.000000
101|"RPNCS02W"| 0003.000000| 0000.000000| 0006.000000|3.000000
101|"RPNCS03B"| 0005.000000| 0000.000000| 0000.000000|0.000000
101|"RPNCS03W"| 0003.000000| 0000.000000| 0000.000000|0.000000
101|"RPNCS04B"| 0005.000000| 0000.000000| 0000.000000|0.000000
101|"RPNCS04W"| 0016.000000| 0000.000000| 0000.000000|0.000000
101|"RPNCS06B"| 0010.000000| 0000.000000| 0001.000000|1.000000
101|"RPNCS06W"| 0017.000000| 0000.000000| 0000.000000|0.000000
101|"RPNCS08B"| 0009.000000| 0000.000000| 0001.000000|1.000000
101|"RPNCS08W"| 0027.000000| 0000.000000| 0000.000000|0.000000
100|"RPNCS1000B"| 0003.000000| 0000.000000| 0000.000000|0.000000
101|"RPNCS1000B"| 0025.000000| 0000.000000| 0000.000000|0.000000
101|"RPNCS1000W"| 0064.000000| 0000.000000| 0008.000000|6.000000
101|"RPNCS10B"| 0016.000000| 0000.000000| 0000.000000|0.000000
100|"RPNCS10W"| 0004.000000| 0000.000000| 0000.000000|0.000000
101|"RPNCS10W"| 0096.000000| 0000.000000| 0017.000000|17.000000
100|"RPNCS12B"| 0001.000000| 0000.000000| 0000.000000|0.000000
101|"RPNCS12B"| 0001.000000| 0000.000000| 0000.000000|0.000000
101|"RPNCS12W"| 0018.000000| 0000.000000| 0005.000000|5.000000
101|"RPNCS2000W"| 0009.000000| 0000.000000| 0000.000000|0.000000
100|"RPNCS500B"| 0002.000000| 0000.000000| 0000.000000|0.000000
101|"RPNCS500B"| 0013.000000| 0000.000000| 0001.000000|1.000000
100|"RPNCS500W"| 0003.000000| 0000.000000| 0000.000000|0.000000
101|"RPNCS500W"| 0066.000000| 0000.000000| 0037.000000|36.000000
100|"RPNM01"| 0097.000000| 0000.000000|-0006.000000|0.000000
100|"RPP1000NB"| 0019.000000| 0000.000000| 0000.000000|0.000000
101|"RPP1000NB"| 0862.000000| 0000.000000| 0000.000000|0.000000
101|"RPP1000NW"| 0168.000000| 0000.000000| 0096.000000|76.000000
101|"RPP1000PB"| 0007.000000| 0000.000000| 0000.000000|0.000000
100|"RPP1000PW"| 0005.000000| 0000.000000| 0000.000000|0.000000
101|"RPP1000PW"| 0111.000000| 0000.000000| 0018.000000|18.000000
101|"RPP1500NB"| 0003.000000| 0000.000000| 0000.000000|0.000000
101|"RPP1500PW"| 0005.000000| 0000.000000| 0000.000000|0.000000
101|"RPP150NB"| 0061.000000| 0000.000000| 0013.000000|13.000000
101|"RPP150NW"| 0020.000000| 0000.000000| 0001.000000|1.000000
101|"RPP150PB"| 0063.000000| 0000.000000| 0001.000000|1.000000
100|"RPP150PW"| 0004.000000| 0000.000000| 0000.000000|0.000000
101|"RPP150PW"| 0096.000000| 0000.000000| 0055.000000|55.000000
101|"RPP15C00"| 2350.000000| 0000.000000| 0000.000000|0.000000
101|"RPP2000NB"| 0001.000000| 0000.000000| 0000.000000|0.000000
101|"RPP2000NW"| 0009.000000| 0000.000000| 0000.000000|0.000000
101|"RPP2000PW"| 0005.000000| 0000.000000| 0000.000000|0.000000
101|"RPP250NB"| 0012.000000| 0000.000000| 0013.000000|12.000000
101|"RPP250NW"| 0040.000000| 0000.000000| 0005.000000|4.000000
101|"RPP250PB"| 0006.000000| 0000.000000| 0000.000000|0.000000
100|"RPP250PW"| 0004.000000| 0000.000000| 0000.000000|0.000000
101|"RPP250PW"| 0119.000000| 0000.000000| 0023.000000|23.000000
101|"RPP350NB"| 0033.000000| 0000.000000| 0007.000000|7.000000
101|"RPP350NW"| 0016.000000| 0000.000000| 0000.000000|0.000000
101|"RPP350PB"| 0009.000000| 0000.000000| 0000.000000|0.000000
100|"RPP350PW"| 0004.000000| 0000.000000| 0000.000000|0.000000
101|"RPP350PW"| 0075.000000| 0000.000000|-0001.000000|2.000000
101|"RPP500NB"| 0028.000000| 0000.000000| 0010.000000|10.000000
100|"RPP500NW"| 0022.000000| 0000.000000| 0000.000000|0.000000
101|"RPP500NW"| 0129.000000| 0000.000000| 0078.000000|66.000000
101|"RPP500PB"| 0046.000000| 0000.000000| 0000.000000|0.000000
100|"RPP500PW"| 0008.000000| 0000.000000| 0000.000000|0.000000
101|"RPP500PW"| 0096.000000| 0000.000000| 0006.000000|7.000000
101|"RPP750NB"| 0011.000000| 0000.000000| 0002.000000|2.000000
101|"RPP750NW"| 0006.000000| 0000.000000| 0000.000000|0.000000
101|"RPP750PB"| 0004.000000| 0000.000000| 0000.000000|0.000000
100|"RPP750PW"| 0001.000000| 0000.000000| 0000.000000|0.000000
101|"RPP750PW"| 0079.000000| 0000.000000| 0010.000000|12.000000
101|"RPPC01B"| 0006.000000| 0000.000000| 0000.000000|0.000000
100|"RPPC01W"| 0001.000000| 0000.000000| 0000.000000|0.000000
101|"RPPC01W"| 0007.000000| 0000.000000| 0005.000000|5.000000
100|"RPPC02B"| 0001.000000| 0000.000000| 0000.000000|0.000000
101|"RPPC02B"| 0007.000000| 0000.000000| 0000.000000|0.000000
100|"RPPC02W"| 0001.000000| 0000.000000| 0000.000000|0.000000
101|"RPPC02W"| 1172.000000| 0000.000000| 0022.000000|22.000000
101|"RPPC03B"| 0002.000000| 0000.000000| 0000.000000|0.000000
101|"RPPC03W"| 0006.000000| 0000.000000| 0001.000000|1.000000
101|"RPPC04B"| 0002.000000| 0000.000000| 0000.000000|0.000000
100|"RPPC04W"| 0001.000000| 0000.000000| 0000.000000|0.000000
101|"RPPC04W"| 0017.000000| 0000.000000| 0019.000000|17.000000
101|"RPPC06B"| 0001.000000| 0000.000000| 0000.000000|0.000000
101|"RPPC06W"| 0014.000000| 0000.000000| 0025.000000|14.000000
101|"RPPC08B"| 0005.000000| 0000.000000| 0000.000000|0.000000
101|"RPPC08W"| 0048.000000| 0000.000000| 0016.000000|16.000000
101|"RPPC1000B"| 0021.000000| 0000.000000| 0000.000000|0.000000
100|"RPPC1000W"| 0007.000000| 0000.000000| 0000.000000|0.000000
101|"RPPC1000W"| 0020.000000| 0000.000000| 0000.000000|0.000000
101|"RPPC10B"| 0021.000000| 0000.000000| 0000.000000|0.000000
100|"RPPC10W"| 0003.000000| 0000.000000| 0000.000000|0.000000
101|"RPPC10W"| 0066.000000| 0000.000000| 0051.000000|51.000000
101|"RPPC2000W"| 0005.000000| 0000.000000| 0000.000000|0.000000
101|"RPPC500B"| 0016.000000| 0000.000000| 0011.000000|11.000000
100|"RPPC500W"| 0007.000000| 0000.000000| 0000.000000|0.000000
101|"RPPC500W"| 0052.000000| 0000.000000| 0017.000000|17.000000
101|"RPPCS01B"| 0003.000000| 0000.000000| 0000.000000|0.000000
101|"RPPCS02W"| 0013.000000| 0000.000000| 0000.000000|0.000000
101|"RPPCS03B"| 0005.000000| 0000.000000| 0000.000000|0.000000
101|"RPPCS03W"| 0007.000000| 0000.000000| 0000.000000|0.000000
101|"RPPCS04B"| 0003.000000| 0000.000000| 0000.000000|0.000000
100|"RPPCS04W"| 0001.000000| 0000.000000| 0000.000000|0.000000
101|"RPPCS04W"| 0025.000000| 0000.000000| 0003.000000|4.000000
101|"RPPCS06B"| 0004.000000| 0000.000000| 0000.000000|0.000000
100|"RPPCS06W"| 0005.000000| 0000.000000| 0000.000000|0.000000
101|"RPPCS06W"| 0037.000000| 0000.000000| 0006.000000|14.000000
101|"RPPCS08B"| 0005.000000| 0000.000000| 0000.000000|0.000000
100|"RPPCS08W"| 0003.000000| 0000.000000| 0000.000000|0.000000
101|"RPPCS08W"| 0040.000000| 0000.000000| 0005.000000|7.000000
101|"RPPCS1000B"| 0010.000000| 0000.000000| 0001.000000|1.000000
101|"RPPCS1000W"| 0002.000000| 0000.000000| 0005.000000|2.000000
101|"RPPCS10B"| 0001.000000| 0000.000000| 0000.000000|0.000000
100|"RPPCS10W"| 0002.000000| 0000.000000| 0000.000000|0.000000
101|"RPPCS10W"| 0076.000000| 0000.000000| 0010.000000|12.000000
101|"RPPCS12B"| 0012.000000| 0000.000000| 0000.000000|0.000000
100|"RPPCS12W"| 0002.000000| 0000.000000| 0000.000000|0.000000
101|"RPPCS12W"| 0024.000000| 0000.000000| 0008.000000|3.000000
100|"RPPCS1500B"| 0001.000000| 0000.000000|-0001.000000|0.000000
101|"RPPCS1500B"| 0001.000000| 0000.000000| 0001.000000|1.000000
101|"RPPCS1500W"| 0005.000000| 0000.000000| 0000.000000|0.000000
101|"RPPCS2000B"| 0007.000000| 0000.000000| 0000.000000|0.000000
101|"RPPCS2000W"| 0004.000000| 0000.000000| 0000.000000|0.000000
101|"RPPCS500B"| 0024.000000| 0000.000000| 0001.000000|1.000000
100|"RPPCS500W"| 0001.000000| 0000.000000| 0001.000000|1.000000
101|"RPPCS500W"| 0017.000000| 0000.000000| 0010.000000|10.000000
101|"RPPCUST"| 0010.000000| 0000.000000| 0000.000000|0.000000
100|"RPPI450"| 0008.000000| 0000.000000| 0000.000000|0.000000
100|"RPPI950"| 0038.000000| 0000.000000| 0012.000000|13.000000
101|"RPPJ-M"| 0010.000000| 0000.000000| 0003.000000|3.000000
100|"RPRK20"| 0001.000000| 0000.000000| 0000.000000|0.000000
100|"RPS011907"| 0004.000000| 0000.000000| 0001.000000|1.000000
100|"RPS1000NB"| 0003.000000| 0000.000000| 0000.000000|0.000000
101|"RPS1000NB"| 0039.000000| 0000.000000| 0001.000000|2.000000
100|"RPS1000NW"| 0030.000000| 0000.000000|-0001.000000|0.000000
101|"RPS1000NW"| 0196.000000| 0000.000000| 0165.000000|163.000000
100|"RPS1000PW"| 0013.000000| 0000.000000|-0003.000000|0.000000
101|"RPS1000PW"| 0699.000000| 0000.000000| 0032.000000|32.000000
100|"RPS102139"| 0014.000000| 0000.000000| 0002.000000|2.000000
101|"RPS1500NB"| 0010.000000| 0000.000000| 0000.000000|0.000000
101|"RPS1500NW"| 0012.000000| 0000.000000| 0004.000000|4.000000
101|"RPS1500PW"| 0012.000000| 0000.000000| 0010.000000|10.000000
100|"RPS150NB"| 0005.000000| 0000.000000| 0000.000000|0.000000
101|"RPS150NB"| 0019.000000| 0000.000000| 0139.000000|19.000000
100|"RPS150NW"| 0013.000000| 0000.000000|-0011.000000|0.000000
101|"RPS150NW"| 0131.000000| 0000.000000| 0039.000000|57.000000
100|"RPS150PW"| 0009.000000| 0000.000000|-0015.000000|0.000000
101|"RPS150PW"| 0055.000000| 0000.000000|-0010.000000|15.000000
101|"RPS2000NB"| 0004.000000| 0000.000000| 0001.000000|1.000000
101|"RPS2000NW"| 0012.000000| 0000.000000| 0002.000000|2.000000
101|"RPS2000PW"| 0015.000000| 0000.000000| 0001.000000|1.000000
101|"RPS250NB"| 0034.000000| 0000.000000| 0154.000000|34.000000
100|"RPS250NW"| 0004.000000| 0000.000000| 0000.000000|0.000000
101|"RPS250NW"| 0338.000000| 0000.000000| 0051.000000|60.000000
100|"RPS250PW"| 0025.000000| 0000.000000|-0003.000000|0.000000
101|"RPS250PW"| 0526.000000| 0000.000000| 0239.000000|225.000000
101|"RPS350NB"| 0028.000000| 0000.000000| 0027.000000|27.000000
100|"RPS350NW"| 0017.000000| 0000.000000|-0001.000000|0.000000
101|"RPS350NW"| 0227.000000| 0000.000000| 0030.000000|30.000000
100|"RPS350PW"| 0001.000000| 0000.000000|-0003.000000|0.000000
101|"RPS350PW"| 0157.000000| 0000.000000| 0138.000000|87.000000
101|"RPS500NB"| 0092.000000| 0000.000000| 0000.000000|0.000000
100|"RPS500NW"| 0001.000000| 0000.000000| 0000.000000|0.000000
101|"RPS500NW"| 0082.000000| 0000.000000| 0061.000000|56.000000
100|"RPS500PW"| 0013.000000| 0000.000000|-0006.000000|0.000000
101|"RPS500PW"| 0285.000000| 0000.000000| 0240.000000|234.000000
100|"RPS5716"| 0008.000000| 0000.000000| 0000.000000|0.000000
101|"RPS750NB"| 0017.000000| 0000.000000| 0002.000000|2.000000
100|"RPS750NW"| 0007.000000| 0000.000000| 0000.000000|0.000000
101|"RPS750NW"| 0085.000000| 0000.000000| 0011.000000|9.000000
100|"RPS750PW"| 0005.000000| 0000.000000| 0000.000000|0.000000
101|"RPS750PW"| 0019.000000| 0000.000000| 0085.000000|19.000000
100|"RPSMP-3"| 0017.000000| 0000.000000| 0000.000000|0.000000
100|"RPSSEHX6E"| 0009.000000| 0000.000000| 0000.000000|0.000000
100|"RPST125E"| 0345.000000| 0000.000000| 0000.000000|0.000000
100|"RPUPS600-A"| 0670.000000| 0110.000000| 0442.000000|420.000000
100|"RPUSBSWTCH"| 0005.000000| 0000.000000| 0000.000000|0.000000
100|"RPV1000NB"| 0005.000000| 0000.000000| 0000.000000|0.000000
101|"RPV1000NB"| 0611.000000| 0000.000000| 0019.000000|19.000000
100|"RPV1000NW"| 0020.000000| 0000.000000| 0000.000000|0.000000
101|"RPV1000NW"| 0154.000000| 0000.000000| 0017.000000|13.000000
100|"RPV1000PW"| 0018.000000| 0000.000000| 0000.000000|0.000000
101|"RPV1000PW"| 0507.000000| 0000.000000| 0067.000000|67.000000
100|"RPV1500NB"| 0001.000000| 0000.000000| 0000.000000|0.000000
101|"RPV1500NB"| 0003.000000| 0000.000000| 0000.000000|0.000000
101|"RPV1500NW"| 0022.000000| 0000.000000| 0000.000000|0.000000
101|"RPV1500PW"| 0004.000000| 0000.000000| 0000.000000|0.000000
100|"RPV150NB"| 0007.000000| 0000.000000| 0000.000000|0.000000
101|"RPV150NB"| 0044.000000| 0000.000000| 0015.000000|15.000000
101|"RPV150NW"| 0069.000000| 0000.000000| 0006.000000|6.000000
101|"RPV150PB"| 0006.000000| 0000.000000| 0000.000000|0.000000
100|"RPV150PW"| 0004.000000| 0000.000000| 0000.000000|0.000000
101|"RPV150PW"| 0094.000000| 0000.000000| 0017.000000|17.000000
101|"RPV2000NB"| 0009.000000| 0000.000000| 0001.000000|1.000000
101|"RPV2000PW"| 0030.000000| 0000.000000| 0009.000000|9.000000
101|"RPV250NB"| 0054.000000| 0000.000000| 0013.000000|13.000000
100|"RPV250NW"| 0002.000000| 0000.000000| 0000.000000|0.000000
101|"RPV250NW"| 0051.000000| 0000.000000| 0006.000000|6.000000
100|"RPV250PW"| 0008.000000| 0000.000000| 0000.000000|0.000000
101|"RPV250PW"| 0271.000000| 0000.000000| 0063.000000|63.000000
101|"RPV350NB"| 0050.000000| 0000.000000| 0016.000000|16.000000
101|"RPV350NW"| 0034.000000| 0000.000000| 0002.000000|2.000000
100|"RPV350PW"| 0014.000000| 0000.000000| 0000.000000|0.000000
101|"RPV350PW"| 0082.000000| 0000.000000| 0054.000000|57.000000
101|"RPV500NB"| 0119.000000| 0000.000000| 0010.000000|10.000000
100|"RPV500NW"| 0015.000000| 0000.000000| 0000.000000|0.000000
101|"RPV500NW"| 0267.000000| 0000.000000| 0005.000000|5.000000
100|"RPV500PW"| 0032.000000| 0000.000000| 0000.000000|0.000000
101|"RPV500PW"| 0129.000000| 0000.000000| 0041.000000|42.000000
101|"RPV750NB"| 0023.000000| 0000.000000| 0012.000000|12.000000
100|"RPV750NW"| 0011.000000| 0000.000000| 0000.000000|0.000000
101|"RPV750NW"| 0090.000000| 0000.000000| 0013.000000|13.000000
100|"RPV750PW"| 0001.000000| 0000.000000| 0000.000000|0.000000
101|"RPV750PW"| 0129.000000| 0000.000000| 0075.000000|77.000000
100|"RPV8801"| 0001.000000| 0000.000000| 0000.000000|0.000000
100|"RPVS5104"| 0003.000000| 0000.000000| 0000.000000|0.000000
101|"RPWP226-1000"| 0007.000000| 0000.000000| 0001.000000|1.000000
101|"RPWP226-500"| 0010.000000| 0000.000000| 0010.000000|10.000000
101|"RPWP25815-500"| 0007.000000| 0000.000000| 0000.000000|0.000000
100|"RRJ1SNUD"| 0001.000000| 0000.000000| 0000.000000|0.000000
100|"RSVV11"| 0010.000000| 0000.000000| 0000.000000|0.000000
100|"RT130C-1"| 0001.000000| 0000.000000| 0000.000000|0.000000
100|"RT3300MC-4"| 0040.000000| 0000.000000|-0002.000000|0.000000
100|"RT3300MC-VARI"| 0341.000000| 0240.000000| 0006.000000|22.000000
100|"RT3300MC-VARIW"| 0180.000000| 0000.000000| 0000.000000|0.000000
100|"RTDUMMY"| 0009.000000| 0000.000000| 0000.000000|0.000000
100|"RTNORD"| 0002.000000| 0000.000000| 0000.000000|0.000000
100|"RTWC30C-112"| 0044.000000| 0000.000000| 0000.000000|0.000000
100|"RTZC-D1036NHA"| 0112.000000| 0000.000000| 0000.000000|0.000000
100|"RU107"| 0712.000000| 0025.000000| 0295.000000|294.000000
100|"RUCLR"| 0121.000000| 0045.000000| 0000.000000|0.000000
100|"RUEXPAND"| 0020.000000| 0000.000000| 0000.000000|0.000000
100|"RUGLD"| 0082.000000| 0000.000000| 0000.000000|0.000000
100|"RUIOB"| 0468.000000| 1244.000000| 0368.000000|327.000000
100|"RUPTB"| 0497.000000| 0075.000000| 0104.000000|87.000000
100|"RUSLV"| 0030.000000| 0100.000000| 0082.000000|30.000000
100|"RUSMK"| 0406.000000| 0425.000000| 0194.000000|199.000000
100|"RUSWITCH"| 0041.000000| 0000.000000| 0004.000000|4.000000
100|"RUTEXT"| 0013.000000| 0000.000000| 0001.000000|1.000000
100|"RUWIOB"| 0024.000000| 0005.000000| 0000.000000|0.000000
100|"RUWPTB"| 0016.000000| 0000.000000| 0000.000000|0.000000
100|"RV1004A-30"| 0008.000000| 0000.000000| 0000.000000|0.000000
100|"RV1004A-30-1"| 0003.000000| 0000.000000| 0000.000000|0.000000
100|"RV1016A-30"| 0014.000000| 0000.000000| 0000.000000|0.000000
100|"RV102R"| 0004.000000| 0000.000000| 0000.000000|0.000000
100|"RV1224DC"| 0027.000000| 0000.000000| 0001.000000|1.000000
100|"RV1224DC2"| 0006.000000| 0000.000000| 0001.000000|1.000000
100|"RV1309-30"| 0022.000000| 0000.000000| 0000.000000|0.000000
100|"RV1316-30"| 0008.000000| 0000.000000| 0000.000000|0.000000
100|"RV2204-30"| 0008.000000| 0000.000000| 0000.000000|0.000000
100|"RV2204-30-1"| 0027.000000| 0000.000000| 0000.000000|0.000000
100|"RV2209-30"| 0019.000000| 0000.000000| 0000.000000|0.000000
100|"RV2216-30"| 0277.000000| 0000.000000| 0029.000000|31.000000
100|"RV2216-30-1"| 0002.000000| 0000.000000| 0000.000000|0.000000
100|"RV2400"| 0052.000000| 0125.000000| 0001.000000|3.000000
100|"RV2400-1"| 0006.000000| 0010.000000| 0007.000000|6.000000
100|"RV25SFSAUP"| 0005.000000| 0000.000000| 0000.000000|0.000000
100|"RV2904A-30"| 0019.000000| 0014.000000| 0013.000000|12.000000
100|"RV2909A-30"| 0005.000000| 0000.000000| 0001.000000|1.000000
100|"RV2909A-30-1"| 0001.000000| 0000.000000| 0000.000000|0.000000
100|"RV2916A-30"| 0006.000000| 0000.000000|-0002.000000|0.000000
100|"RV50SFAUP"| 0097.000000| 0000.000000| 0000.000000|0.000000
100|"RVALMT2"| 0051.000000| 0000.000000| 0000.000000|0.000000
100|"RVB37F"| 0007.000000| 0000.000000| 0007.000000|7.000000
100|"RVB37M"| 0009.000000| 0000.000000| 0000.000000|0.000000
100|"RVCADAP"| 0283.000000| 0000.000000| 0000.000000|0.000000
100|"RVCVPP50"| 0009.000000| 0000.000000| 0000.000000|0.000000
100|"RVD2812RADIONIC"| 0009.000000| 0000.000000| 0000.000000|0.000000
100|"RVDRP"| 0003.000000| 0015.000000| 0003.000000|3.000000
100|"RVEIMKIT"| 0012.000000| 0010.000000| 0000.000000|0.000000
100|"RVGA1710B"| 0303.000000| 0435.000000| 0403.000000|303.000000
100|"RVLOCK3"| 0075.000000| 0020.000000| 0021.000000|19.000000
100|"RVPAPER2"| 0003.000000| 0000.000000| 0000.000000|0.000000
100|"RVPAPER3"| 0006.000000| 0000.000000| 0000.000000|0.000000
100|"RVQ27B"| 0001.000000| 0000.000000| 0000.000000|0.000000
100|"RVQ27B-1"| 0007.000000| 0000.000000| 0000.000000|0.000000
100|"RVQ47B-1"| 0027.000000| 0000.000000| 0000.000000|0.000000
100|"RVQ77C-1"| 0028.000000| 0000.000000| 0000.000000|0.000000
100|"RVQ87C-1"| 0002.000000| 0000.000000| 0000.000000|0.000000
100|"RVSWL560A"| 0013.000000| 0000.000000| 0001.000000|0.000000
100|"RVTAPE120"| 0254.000000| 0000.000000|-0040.000000|0.000000
100|"RVTAPE160"| 0846.000000| 0000.000000| 0007.000000|7.000000
100|"S731DVR-EST1"| 0001.000000| 0000.000000| 0000.000000|0.000000
100|"S731DVT-EST1"| 0001.000000| 0000.000000| 0000.000000|0.000000
100|"SA-500"| 0010.000000| 0000.000000| 0000.000000|0.000000
100|"SA-500-EN"| 0323.000000| 0000.000000| 0005.000000|4.000000
100|"SA-500-FR"| 0020.000000| 0000.000000| 0000.000000|0.000000
100|"SA-500ADT-FR"| 0079.000000| 0000.000000| 0000.000000|0.000000
100|"SA-500ADT-SP"| 0107.000000| 0000.000000| 0000.000000|0.000000
100|"SA-600"| 0001.000000| 0000.000000| 0000.000000|0.000000
100|"SA-600-EN"| 0135.000000| 0020.000000| 0000.000000|0.000000
100|"SA-600-SP"| 0014.000000| 0000.000000| 0003.000000|3.000000
100|"SA-600ADT-EN"| 0050.000000| 0050.000000| 0000.000000|0.000000
100|"SA-600ADT-FR"| 0079.000000| 0000.000000| 0000.000000|0.000000
100|"SA-600ADT-SP"| 0070.000000| 0000.000000| 0000.000000|0.000000
100|"SA-RM56"| 0050.000000| 0000.000000| 0000.000000|0.000000
100|"SAR-300"| 0003.000000| 0000.000000| 0000.000000|0.000000
100|"SAR-300-T"| 0001.000000| 0000.000000| 0000.000000|0.000000
100|"SCI921220"| 0012.000000| 0000.000000| 0000.000000|0.000000
100|"SCI921586"| 0028.000000| 0000.000000| 0000.000000|0.000000
100|"SCR-100"| 0004.000000| 0000.000000| 0000.000000|0.000000
100|"SCR-300"| 0003.000000| 0000.000000| 0000.000000|0.000000
100|"SCR-300-BK"| 0005.000000| 0000.000000| 0000.000000|0.000000
100|"SCR-330-BK"| 0062.000000| 0000.000000| 0000.000000|0.000000
100|"SCR-331-BK"| 0080.000000| 0000.000000| 0000.000000|0.000000
100|"SCR-500-KIT"| 0004.000000| 0000.000000| 0000.000000|0.000000
100|"SCR-500-W-A"| 0008.000000| 0000.000000| 0000.000000|0.000000
100|"SCR-510-D-A"| 0011.000000| 0000.000000| 0000.000000|0.000000
100|"SCR-610"| 0002.000000| 0002.000000| 0003.000000|2.000000
100|"SCR-620"| 0016.000000| 0000.000000| 0000.000000|0.000000
100|"SCR-620-KIT"| 0002.000000| 0000.000000| 0000.000000|0.000000
100|"SCR-630"| 0004.000000| 0000.000000| 0000.000000|0.000000
100|"SCR-640"| 0019.000000| 0000.000000| 0000.000000|0.000000
100|"SH-2KP"| 0052.000000| 0000.000000| 0000.000000|0.000000
100|"SH-2KPBEI-5M"| 0407.000000| 0000.000000| 0000.000000|0.000000
100|"SH-2KPBLK"| 0007.000000| 0000.000000| 0000.000000|0.000000
100|"SH-CMG4/GG"| 7095.000000| 0000.000000| 0000.000000|0.000000
100|"SH-K1"| 1241.000000| 3500.000000| 0050.000000|50.000000
100|"SH-X5"| 0006.000000| 0000.000000| 0000.000000|0.000000
100|"SH-Y1BEI"| 0310.000000| 0000.000000| 0000.000000|0.000000
100|"SH-Y1BLK"| 0012.000000| 0170.000000| 0057.000000|12.000000
100|"SH-Y2BEI"| 0057.000000| 0000.000000| 0024.000000|24.000000
100|"SH-Y2BLK"| 0005.000000| 0054.000000| 0032.000000|5.000000
100|"SH-Y4BLK"| 0012.000000| 0000.000000| 0000.000000|0.000000
100|"SK-300MAG"| 0003.000000| 0000.000000| 0000.000000|0.000000
100|"SK-300PRX"| 0005.000000| 0000.000000| 0000.000000|0.000000
100|"SK-300PRX-ST"| 0002.000000| 0000.000000| 0000.000000|0.000000
100|"SK-300PRX-TR"| 0005.000000| 0000.000000| 0000.000000|0.000000
100|"SM-1"| 0007.000000| 0000.000000| 0000.000000|0.000000
100|"SMV104P-30"| 0016.000000| 0000.000000| 0000.000000|0.000000
100|"SMV104P-30-1"| 0010.000000| 0000.000000| 0000.000000|0.000000
100|"SMV116P-30"| 0004.000000| 0000.000000| 0000.000000|0.000000
100|"SMV116P-30-1"| 0021.000000| 0000.000000| 0000.000000|0.000000
100|"SMV904P-30-1"| 0037.000000| 0000.000000| 0000.000000|0.000000
100|"SMV909P-30"| 0006.000000| 0015.000000| 0001.000000|0.000000
100|"SMV916P-30"| 0039.000000| 0000.000000| 0003.000000|3.000000
100|"SMV916P-30-1"| 0002.000000| 0000.000000| 0003.000000|2.000000
100|"SNCO-D"| 0001.000000| 0000.000000| 0004.000000|4.000000
100|"SNCO-L"| 0004.000000| 0000.000000| 0000.000000|0.000000
100|"SNCORNERC"| 0002.000000| 0000.000000| 0000.000000|0.000000
100|"SNPSI"| 0009.000000| 0000.000000| 0000.000000|0.000000
100|"SNTRACK-ENDC"| 0001.000000| 0001.000000| 0000.000000|0.000000
100|"SNTRACK-STRTC"| 0003.000000| 0000.000000| 0000.000000|0.000000
100|"SNTRACKC"| 0007.000000| 0000.000000| 0000.000000|0.000000
100|"SNTRACKDC-10"| 0003.000000| 0000.000000| 0000.000000|0.000000
100|"SNTRACKLC-10"| 0001.000000| 0000.000000| 0000.000000|0.000000
100|"SP-BAT5186"| 0028.000000| 0000.000000| 0000.000000|0.000000
100|"SP-CON2"| 0017.000000| 0000.000000| 0000.000000|0.000000
100|"SP-CON3"| 0009.000000| 0000.000000| 0000.000000|0.000000
100|"SPASS-IPE-100-A"| 0001.000000| 0000.000000| 0000.000000|0.000000
100|"SPASS-IPE-SW"| 0002.000000| 0000.000000| 0000.000000|0.000000
100|"SRP16"| 0008.000000| 0000.000000| 0001.000000|1.000000
100|"ST14240"| 5793.000000| 0000.000000| 0000.000000|0.000000
100|"ST14275"| 0001.000000| 0000.000000| 0000.000000|0.000000
100|"ST14399"| 0002.000000| 0000.000000| 0000.000000|0.000000
100|"STAR-ACM8-W"| 0007.000000| 0000.000000| 0000.000000|0.000000
100|"STAR-RB"| 0005.000000| 0000.000000| 0000.000000|0.000000
100|"STAR008W-16"| 0003.000000| 0001.000000| 0002.000000|0.000000
100|"STAR008W-32"| 0002.000000| 0000.000000| 0000.000000|0.000000
100|"STAR016W-16"| 0004.000000| 0000.000000| 0003.000000|1.000000
100|"STAR016W-32"| 0001.000000| 0000.000000| 0001.000000|0.000000
100|"STARGC-16MB"| 0004.000000| 0000.000000| 0000.000000|0.000000
100|"STARGC-64MB"| 0001.000000| 0000.000000| 0000.000000|0.000000
100|"STTIEB"| 9724.000000| 0000.000000| 0000.000000|0.000000
100|"SWM-GY"| 0003.000000| 0000.000000|-0002.000000|0.000000
100|"T.REX-LT"| 0257.000000| 3225.000000| 0102.000000|59.000000
100|"T.REX-LT-NL"| 0050.000000| 0005.000000| 0000.000000|0.000000
100|"T.REX-LT2-NL"| 0059.000000| 0008.000000| 0000.000000|0.000000
100|"T.REX-PLATE"| 0575.000000| 0000.000000| 0000.000000|0.000000
100|"T.REX-S2R"| 1738.000000| 2355.000000| 3335.000000|1125.00000
100|"T.REX-XL"| 0510.000000| 2199.000000| 0264.000000|264.000000
100|"T.REX-XL-NL"| 0037.000000| 0005.000000| 0000.000000|0.000000
100|"T.REX-XL2-NL"| 0026.000000| 0019.000000| 0000.000000|0.000000
100|"T.REX-XL2BLK"| 0047.000000| 0025.000000| 0000.000000|0.000000
100|"TC-100HEAT"| 0002.000000| 0000.000000| 0000.000000|0.000000
100|"TC-100POST"| 0006.000000| 0021.000000| 0000.000000|0.000000
100|"TC-1500"| 0013.000000| 0000.000000| 0000.000000|0.000000
100|"TCS-100FBOX"| 0004.000000| 0000.000000| 0000.000000|0.000000
100|"TCS-100PCB"| 0007.000000| 0000.000000| 0000.000000|0.000000
100|"TCS-100SURF"| 0012.000000| 0007.000000| 0000.000000|0.000000
100|"TCS-110FBOX"| 0006.000000| 0000.000000| 0000.000000|0.000000
100|"TCS-110SURF"| 0017.000000| 0022.000000| 0036.000000|1.000000
100|"TCS-PROM1E"| 0006.000000| 0000.000000| 0000.000000|0.000000
100|"TCS-PROM1F"| 0002.000000| 0000.000000| 0000.000000|0.000000
100|"TCS-SOFTW"| 0005.000000| 0005.000000| 0000.000000|0.000000
100|"TH-100"| 0011.000000| 0000.000000| 0000.000000|0.000000
100|"TK-C1480U"| 0007.000000| 0000.000000| 0002.000000|2.000000
100|"TK-C720U"| 0019.000000| 0000.000000|-0015.000000|0.000000
100|"TK-C750U"| 1488.000000| 0000.000000| 0000.000000|0.000000
100|"TMV910Q"| 0017.000000| 0000.000000| 0000.000000|0.000000
100|"TMV910Q-1"| 0003.000000| 0000.000000| 0000.000000|0.000000
100|"TMV96Q"| 0149.000000| 0000.000000| 0000.000000|0.000000
100|"TOROID/Q4"| 0019.000000| 0000.000000| 0000.000000|0.000000
100|"TR-24"| 0146.000000| 0000.000000| 0000.000000|0.000000
100|"TR1637W/CSA"| 0145.000000| 0000.000000| 0000.000000|0.000000
100|"TR1640P/CSA"| 0024.000000| 0000.000000| 0000.000000|0.000000
100|"TR1640P/UL"| 0998.000000| 0783.000000| 0014.000000|13.000000
100|"TR1640W-220"| 0120.000000| 0124.000000| 0028.000000|28.000000
100|"TR2475"| 0061.000000| 0214.000000|-0024.000000|1.000000
100|"TR2475-220"| 0017.000000| 0000.000000| 0000.000000|0.000000
100|"TREX-LT2"| 0186.000000| 0297.000000| 0001.000000|0.000000
100|"TREX-XL2"| 0089.000000| 0250.000000| 0003.000000|3.000000
100|"TREX-XL2-ADT"| 0920.000000| 0990.000000| 0027.000000|27.000000
100|"TREXXL2BLADT"| 0092.000000| 0488.000000| 0004.000000|4.000000
100|"TRM-6008"| 0001.000000| 0000.000000| 0000.000000|0.000000
100|"TRM002"| 0062.000000| 0065.000000| 0005.000000|5.000000
100|"TRM3182"| 0001.000000| 0000.000000| 0000.000000|0.000000
100|"TRM3282"| 0002.000000| 0000.000000| 0000.000000|0.000000
100|"UHRM09"| 0030.000000| 0022.000000| 0021.000000|21.000000
100|"ULEMUL"| 0001.000000| 0000.000000| 0000.000000|0.000000
100|"UM-029-N"| 0099.000000| 0118.000000| 0000.000000|0.000000
100|"UM-034-B"| 0036.000000| 0000.000000| 0000.000000|0.000000
100|"UM-034-D"| 0070.000000| 0000.000000| 0000.000000|0.000000
100|"UM-035-C"| 0071.000000| 0170.000000| 0000.000000|0.000000
100|"USB-485"| 0018.000000| 0012.000000| 0002.000000|1.000000
100|"V-PASS"| 0002.000000| 0000.000000| 0000.000000|0.000000
100|"VC-485"| 0636.000000| 0470.000000| 0022.000000|19.000000
100|"VERIPROX"| 0004.000000| 0000.000000| 0000.000000|0.000000
100|"VPRX-IO-W26"| 0001.000000| 0000.000000| 0000.000000|0.000000
100|"VPRX-IO-XSF"| 0093.000000| 0000.000000| 0003.000000|3.000000
100|"VR48RKIT"| 0016.000000| 0000.000000| 0000.000000|0.000000
100|"VS-ANT-S1"| 0009.000000| 0000.000000| 0000.000000|0.000000
100|"VS-ANT-S2"| 0001.000000| 0000.000000| 0000.000000|0.000000
100|"VS5004"| 0005.000000| 0000.000000| 0000.000000|0.000000
100|"WALMARTZEHHBCS"| 0057.000000| 0003.000000| 0007.000000|7.000000
100|"WALMARTZEHHDW"| 1320.000000| 0018.000000| 0018.000000|18.000000
100|"WEI-C11SN"| 1880.000000| 0000.000000| 0200.000000|200.000000
100|"WEI-R20"| 0052.000000| 0000.000000| 0000.000000|0.000000
100|"WEI-R30"| 0002.000000| 0000.000000| 0000.000000|0.000000
100|"WLS-3700"| 0017.000000| 0230.000000| 0051.000000|17.000000
100|"WLS-3700KSF"| 0165.000000| 0046.000000| 0001.000000|1.000000
100|"WLS-3710"| 0054.000000| 0320.000000| 0000.000000|0.000000
100|"WLS-3710KSF"| 0117.000000| 0209.000000| 0150.000000|117.000000
100|"WLS-5401"| 0038.000000| 0000.000000| 0001.000000|0.000000
100|"WLS-A1"| 0006.000000| 0041.000000| 0007.000000|6.000000
100|"WLS-A2"| 0013.000000| 0005.000000| 0000.000000|0.000000
100|"WM-DOCS"| 0825.000000| 0000.000000| 0014.000000|14.000000
100|"WPASS-64-CD"| 0272.000000| 0000.000000| 0000.000000|0.000000
100|"WPASS-64-DEM"| 0005.000000| 0000.000000| 0000.000000|0.000000
100|"WPASS-64-DIS"| 0038.000000| 0000.000000| 0000.000000|0.000000
100|"WPASS-64/UPG"| 0011.000000| 0000.000000| 0000.000000|0.000000
100|"XLPANDA"| 8000.000000| 0000.000000| 0000.000000|0.000000
100|"XLPANDA-B"| 1000.000000| 0000.000000| 0000.000000|0.000000
100|"ZAUPSH2"| 1224.000000| 0002.000000| 0353.000000|236.000000
100|"ZB001"| 0009.000000| 0010.000000| 0004.000000|4.000000
100|"ZB749XP"| 0484.000000| 0072.000000| 0175.000000|66.000000
100|"ZB949XP"| 0068.000000| 0000.000000| 0000.000000|0.000000
100|"ZBAMB2010F"| 0252.000000| 0175.000000| 0159.000000|105.000000
100|"ZBAMB2010T"| 2743.000000| 0000.000000| 0051.000000|25.000000
100|"ZBINDX1"| 0002.000000| 0000.000000| 0000.000000|0.000000
100|"ZBSMP-B1"| 0366.000000| 0060.000000| 0259.000000|206.000000
100|"ZBSMPCP"| 0380.000000| 0500.000000| 0385.000000|271.000000
100|"ZBSMPCP-F"| 0252.000000| 0150.000000| 0070.000000|82.000000
100|"ZBSMPHS"| 0392.000000| 0000.000000| 0153.000000|28.000000
100|"ZBSMPIP"| 0864.000000| 0000.000000| 0102.000000|10.000000
100|"ZBSMPIS"| 0244.000000| 1271.000000| 0724.000000|244.000000
100|"ZBSMPLP"| 0223.000000| 0650.000000| 1924.000000|223.000000
100|"ZBSMPLP-601"| 0001.000000| 0020.000000| 0013.000000|1.000000
100|"ZBSMPNS2"| 0050.000000| 0091.000000| 0000.000000|0.000000
100|"ZBSMPPP"| 2206.000000| 2166.000000| 2581.000000|2131.00000
100|"ZBSMPRO"| 3782.000000| 7750.000000| 6898.000000|3782.00000
100|"ZBSMPSP"| 1010.000000| 1633.000000| 0815.000000|582.000000
100|"ZBSTP-PP-B1"| 2347.000000| 0803.000000| 1627.000000|1279.00000
100|"ZBSTP-PP-B2"| 1154.000000| 0662.000000| 0943.000000|839.000000
100|"ZBSTP-PP-B3"| 0320.000000| 0000.000000| 0000.000000|0.000000
100|"ZBSTP-PP-B4"| 0060.000000| 0163.000000| 0074.000000|57.000000
100|"ZBSTP-PP-B5"| 0132.000000| 0000.000000| 0000.000000|0.000000
100|"ZBSTP-PP-IB"| 2525.000000| 2803.000000| 2577.000000|2125.00000
100|"ZBSTPCP-F"| 0087.000000| 0000.000000| 0000.000000|0.000000
100|"ZBSTPIP-SCO"| 0200.000000| 0000.000000| 0007.000000|7.000000
100|"ZC40-XP"| 0091.000000| 0041.000000| 0066.000000|50.000000
100|"ZCRTD-1"| 0047.000000| 0603.000000| 0000.000000|0.000000
100|"ZED216"| 0535.000000| 1589.000000| 1346.000000|535.000000
100|"ZEDEX-1070"| 0001.000000| 0005.000000| 0002.000000|1.000000
100|"ZEHHDTHD"| 0165.000000| 0022.000000| 0110.000000|96.000000
100|"ZEHHDW"| 0261.000000| 0087.000000| 0357.000000|261.000000
100|"ZEINDX1"| 0003.000000| 0000.000000| 0000.000000|0.000000
100|"ZEUPPLUS"| 0060.000000| 0000.000000| 0003.000000|3.000000
100|"ZK151XP"| 0271.000000| 0000.000000| 0002.000000|0.000000
100|"ZK20-1"| 1727.000000| 0000.000000| 0136.000000|143.000000
100|"ZK252XP"| 0261.000000| 0002.000000| 0295.000000|153.000000
100|"ZK252XPE"| 0077.000000| 0000.000000| 0000.000000|0.000000
100|"ZK40-01AZ"| 0051.000000| 0629.000000| 0272.000000|51.000000
100|"ZK40-2"| 0016.000000| 0000.000000| 0000.000000|0.000000
100|"ZK40-4HDIIA"| 0001.000000| 0000.000000| 0000.000000|0.000000
100|"ZK4000"| 0745.000000| 5500.000000| 4679.000000|745.000000
100|"ZK500"| 0016.000000| 0000.000000| 0000.000000|0.000000
100|"ZK500CKIT"| 0001.000000| 0000.000000| 0000.000000|0.000000
100|"ZK75"| 0529.000000| 0000.000000| 0016.000000|16.000000
100|"ZKCDACT"| 0019.000000| 0000.000000| 0000.000000|0.000000
100|"ZKNC-SM"| 0007.000000| 0000.000000| 0000.000000|0.000000
100|"ZKRANGER-1"| 0029.000000| 0000.000000| 0002.000000|6.000000
100|"ZKRANGER-2"| 0010.000000| 0000.000000| 0001.000000|1.000000
100|"ZKRANGER-3"| 1418.000000| 0000.000000| 0000.000000|0.000000
100|"ZKRXMULLMT"| 0009.000000| 0190.000000| 0283.000000|9.000000
100|"ZKSKYMAX"| 0010.000000| 0000.000000|-0003.000000|1.000000
100|"ZKVIDACT"| 0374.000000| 0009.000000| 0026.000000|26.000000
100|"ZKWACT"| 0286.000000| 0025.000000| 0072.000000|57.000000
100|"ZL-4-XP"| 0975.000000| 0000.000000| 0000.000000|0.000000
100|"ZL-5-XP"| 5400.000000| 0000.000000| 0000.000000|0.000000
100|"ZL30C-1"| 0019.000000| 0020.000000| 0000.000000|0.000000
100|"ZL31-GTT"| 2697.000000| 1350.000000| 2202.000000|2272.00000
100|"ZL50-AP"| 2255.000000| 4000.000000|-0100.000000|0.000000
100|"ZL50-XP"| 1400.000000| 4800.000000|-0300.000000|0.000000
100|"ZLDR1K71"| 0068.000000| 0000.000000| 1300.000000|68.000000
100|"ZLDR1K75"| 0012.000000| 0000.000000| 0478.000000|12.000000
100|"ZLDRHT1"| 0844.000000| 0500.000000| 0000.000000|0.000000
100|"ZLDRM1K43"| 0061.000000| 0000.000000| 0301.000000|61.000000
100|"ZLDRS1"| 7900.000000| 6960.000000| 2833.000000|2140.00000
111|"ZLDRS1"| 0026.000000| 0000.000000| 0000.000000|0.000000
100|"ZLDRS5"| 1555.000000| 0270.000000| 0340.000000|378.000000
100|"ZLDRSING1"| 0103.000000| 0099.000000| 0100.000000|100.000000
100|"ZLDRSND1"| 0001.000000| 0000.000000| 0000.000000|0.000000
100|"ZLDRWRAP5"| 0624.000000| 0000.000000| 0000.000000|0.000000
100|"ZLLFNSLE1"| 1768.000000| 3240.000000| 0342.000000|164.000000
100|"ZLLFNSLE2"| 1575.000000| 7563.000000| 4414.000000|1575.00000
100|"ZLNRLE2K1"| 0001.000000| 0000.000000| 0013.000000|1.000000
100|"ZLNRLE2K2"| 0134.000000| 0000.000000| 0001.000000|0.000000
100|"ZLNRLE2K5"| 0002.000000| 0433.000000| 0309.000000|2.000000
100|"ZLSFHT-G"| 3480.000000| 0000.000000| 0000.000000|0.000000
100|"ZLSTALA-TEST"| 0025.000000| 0000.000000| 0000.000000|0.000000
100|"ZLUCLIP-2"| 0300.000000| 9000.000000| 3200.000000|300.000000
100|"ZLUCLIP-3"| 0275.000000| 9400.000000| 4000.000000|275.000000
100|"ZLUCLIP-4"| 3065.000000| 5000.000000| 1800.000000|1800.00000
100|"ZLULT-1"| 0500.000000| 0000.000000| 0000.000000|0.000000
100|"ZPACLNK"| 2116.000000| 0000.000000| 0469.000000|453.000000
100|"ZPACLNKMIC"| 0009.000000| 0016.000000| 0010.000000|9.000000
100|"ZPACLNKMOD"| 0006.000000| 0010.000000| 0010.000000|6.000000
100|"ZPCM-B5"| 4759.000000| 0500.000000| 0113.000000|16.000000
100|"ZPCM-B6"| 0214.000000| 0000.000000| 0002.000000|2.000000
100|"ZPCOUNT"| 0218.000000| 0020.000000| 0019.000000|22.000000
100|"ZPCOVER"| 0163.000000| 0000.000000| 0001.000000|1.000000
100|"ZPD216-KEY"| 0417.000000| 0402.000000| 0504.000000|415.000000
100|"ZPD216-MTG"| 0204.000000| 0000.000000| 0019.000000|19.000000
100|"ZPD216-PL"| 0143.000000| 0000.000000| 0012.000000|9.000000
100|"ZPDCNTR"| 0044.000000| 0000.000000| 0000.000000|0.000000
100|"ZPDDM-G1"| 0100.000000| 0000.000000| 0000.000000|0.000000
100|"ZPDDM-M1"| 1540.000000| 0005.000000| 0205.000000|124.000000
100|"ZPDDM-M2"| 0266.000000| 0000.000000| 0012.000000|5.000000
100|"ZPDEX-BRKT1"| 0009.000000| 0006.000000| 0000.000000|0.000000
100|"ZPDEX-BRKT2"| 0003.000000| 0007.000000| 0000.000000|0.000000
100|"ZPDEX-BRKT3"| 0004.000000| 0006.000000| 0000.000000|0.000000
100|"ZPDEX-BRKT4"| 0005.000000| 0010.000000| 0000.000000|0.000000
100|"ZPDEX-RA"| 0019.000000| 0000.000000| 0000.000000|0.000000
100|"ZPDFM-E"| 0218.000000| 0700.000000| 0203.000000|160.000000
100|"ZPDFM-R"| 0455.000000| 0110.000000| 0272.000000|208.000000
100|"ZPDFM-TR"| 0045.000000| 0050.000000| 0019.000000|19.000000
100|"ZPDPM-WG"| 0032.000000| 0000.000000| 0000.000000|0.000000
100|"ZPEXLAMP"| 0002.000000| 0000.000000| 0000.000000|0.000000
101|"ZPEXLAMP"| 2951.000000| 0000.000000| 0000.000000|0.000000
100|"ZPFLOORSHLD"| 0364.000000| 0908.000000| 0078.000000|75.000000
100|"ZPIN-B1"| 0100.000000| 0000.000000| 0000.000000|0.000000
100|"ZPIN-B2"| 0099.000000| 0000.000000| 0003.000000|3.000000
100|"ZPIN-B3"| 0186.000000| 0000.000000| 0062.000000|0.000000
100|"ZPLPFM"| 0623.000000| 0000.000000| 0055.000000|66.000000
100|"ZPLPFM1"| 0895.000000| 0150.000000| 0091.000000|103.000000
100|"ZPLW-B2"| 0697.000000| 2075.000000| 1750.000000|697.000000
100|"ZPLW-B5"| 0005.000000| 0000.000000| 0000.000000|0.000000
100|"ZPLW-B6"| 0339.000000| 0000.000000| 0000.000000|0.000000
100|"ZPMESSAGE-6"| 0112.000000| 0000.000000| 0010.000000|9.000000
100|"ZPPANEL"| 0091.000000| 0050.000000| 0063.000000|47.000000
100|"ZPRELAY"| 0173.000000| 0200.000000| 0288.000000|173.000000
100|"ZPSKYBOX"| 0081.000000| 0000.000000| 0008.000000|8.000000
100|"ZPSKYDIF"| 0065.000000| 0000.000000| 0002.000000|6.000000
100|"ZPSKYEXT"| 0038.000000| 0001.000000| 0000.000000|0.000000
100|"ZPSKYPM"| 0015.000000| 0001.000000|-0003.000000|1.000000
100|"ZPSKYRM"| 0005.000000| 0000.000000| 0000.000000|0.000000
100|"ZPSL-B2"| 0103.000000| 0000.000000| 0010.000000|0.000000
100|"ZPSL-B3"| 0456.000000| 0000.000000| 0004.000000|4.000000
100|"ZPSMSB"| 0025.000000| 0000.000000| 0000.000000|0.000000
100|"ZPSMSE"| 0136.000000| 0000.000000| 0000.000000|0.000000
100|"ZPSMSF"| 0066.000000| 0000.000000| 0001.000000|1.000000
100|"ZPSMST19"| 0057.000000| 0000.000000| 0004.000000|4.000000
100|"ZPSMST21"| 0008.000000| 0000.000000| 0000.000000|0.000000
100|"ZPSMTR"| 0043.000000| 0000.000000| 0000.000000|0.000000
100|"ZPSPBAC"| 1568.000000| 0000.000000| 0056.000000|56.000000
100|"ZPSPBAC13"| 0071.000000| 0000.000000| 0000.000000|0.000000
100|"ZPSPBSC"| 1134.000000| 0000.000000| 0052.000000|44.000000
100|"ZPSPBSC13"| 0734.000000| 0000.000000| 0000.000000|0.000000
100|"ZPSTP-FL"| 0115.000000| 0052.000000| 0026.000000|13.000000
100|"ZPSTP-RA"| 4248.000000| 4600.000000| 4769.000000|4017.00000
100|"ZPSYNC4010"| 0038.000000| 0000.000000| 0000.000000|0.000000
100|"ZPUODPP-ENC"| 0003.000000| 0000.000000| 0000.000000|0.000000
107|"ZPUODPP-ENC"| 0029.000000| 0000.000000| 0137.000000|29.000000
100|"ZPUPSHLD"| 0041.000000| 0150.000000| 0028.000000|16.000000
100|"ZSDDM"| 0336.000000| 0151.000000| 0216.000000|128.000000
100|"ZSDEPM"| 0535.000000| 0000.000000| 0091.000000|25.000000
100|"ZSDEXA-75"| 0005.000000| 0011.000000| 0001.000000|1.000000
100|"ZSDFM2-A"| 0019.000000| 0150.000000| 0410.000000|19.000000
100|"ZSDPM-FC"| 0050.000000| 0080.000000| 0007.000000|6.000000
100|"ZSDPM2"| 0142.000000| 2291.000000| 1509.000000|142.000000
100|"ZSEMPLUS"| 0035.000000| 0000.000000| 0000.000000|0.000000
100|"ZSFM3ANT"| 0020.000000| 0000.000000| 0000.000000|0.000000
100|"ZSLOOP-2"| 0015.000000| 0005.000000|-0001.000000|1.000000
100|"ZSLOOP-3"| 0008.000000| 0030.000000| 0009.000000|8.000000
100|"ZSMAX2P"| 0679.000000| 0000.000000| 0016.000000|17.000000
100|"ZSMAX2S"| 0804.000000| 0000.000000| 0011.000000|12.000000
100|"ZSMAX3P"| 0016.000000| 0057.000000| 0004.000000|4.000000
100|"ZSMAX3S"| 0036.000000| 0040.000000| 0004.000000|4.000000
100|"ZSODPM2"| 0140.000000| 1040.000000| 0608.000000|102.000000
100|"ZU0053"| 0052.000000| 0000.000000| 0000.000000|0.000000
